OTU	102_AVd_295	41_AVd_109	20_AVd_293	13_AVd_151	121_AVd_310	109_AVd_307	77_AVd_299	103_AVd_309	34_AVd_166	107_AVd_312	12_AVd_99	117_AVd_290	59_AVd_100	94_AVd_296	66_AVd_168	51_AVd_170	45_AVd_150	23_AVd_299	95_AVd_298	88_AVd_154	65_AVd_153	90_AVd_167	17_AVd_168	111_AVd_312	52_AVd_296	86_AVd_148	19_AVd_171	29_AVd_153	115_AVd_294	25_AVd_108	35_AVd_166	72_AVd_293	61_AVd_151	42_AVd_110	110_AVd_308	127_AVd_307	14_AVd_151	78_AVd_291	108_AVd_306	21_AVd_293	93_AVd_292	18_AVd_171	58_AVd_99	118_AVd_290	37_AVd_291	106_AVd_310	22_AVd_299	47_AVd_154	39_AVd_292	130_AVd_308	33_AVd_176	56_AVd_98	89_AVd_166	84_AVd_110	53_AVd_298	113_AVd_307	122_AVd_310	81_AVd_108	40_AVd_109	26_AVd_108	124_AVd_312	120_AVd_309	28_AVd_153	104_AVd_309	87_AVd_150	125_AVd_306	70_AVd_176	64_AVd_153	24_AVd_100	114_AVd_308	92_AVd_170	71_AVd_176	48_AVd_167	57_AVd_98	10_AVd_98	82_AVd_109	99_AVd_290	123_AVd_312	112_AVd_306	129_AVd_308	128_AVd_307	44_AVd_150	30_AVd_148	43_AVd_110	31_AVd_148	32_AVd_176	16_AVd_168	36_AVd_291	98_AVd_294	15_AVd_147	11_AVd_99	100_AVd_290	73_AVd_293	9_AVd_98	62_AVd_147	119_AVd_309	126_AVd_306	97_AVd_294	46_AVd_154	67_AVd_168	63_AVd_147	49_AVd_167	54_AVd_296	85_AVd_110	91_AVd_170	38_AVd_292	60_AVd_151	69_AVd_171	101_AVd_295	79_AVd_291	83_AVd_109	116_AVd_294	50_AVd_170	68_AVd_171	105_AVd_310	55_AVd_298	80_AVd_108	76_AVd_299
OTU_346	3895	0	0	0	2	1095	1	375	0	122	0	1666	0	0	1	1	5	0	0	0	1	0	1	80	0	25	0	0	2482	0	0	0	0	0	467	97	0	0	1029	1	0	0	0	2535	1	287	0	0	0	823	1	0	0	0	0	882	2	0	0	0	881	1371	0	698	13	54	2	0	0	437	0	1	1	0	0	0	67	331	989	263	203	711	52	0	7	0	0	0	2809	0	0	2294	1	0	0	1129	260	0	0	0	0	0	0	1	0	0	0	1	249	1	0	1280	0	2	196	1	0	0
OTU_21	618	0	0	1	60	90	0	229	56	384	0	534	0	0	61	1020	23	0	0	811	299	18	625	188	0	11	30	255	682	0	85	0	787	0	75	136	345	0	14	0	0	0	1	1134	1	93	0	181	1	116	97	0	55	0	0	47	47	0	0	0	2	33	0	247	18	68	98	380	0	68	130	46	235	0	0	0	710	35	17	191	181	291	41	0	28	1	44	0	3253	76	0	1519	0	0	282	32	107	0	0	25	1283	337	1	0	117	1	395	40	1	0	1	643	12	37	127	0	0	0
OTU_73	551	0	0	0	5	9	26	7	30	6	0	242	0	9	38	80	0	30	6	0	0	39	114	5	1	0	19	0	164	1	48	17	0	0	5	0	0	3	7	27	14	14	0	341	13	2	9	0	28	5	127	0	65	0	0	1	6	0	0	0	2	4	0	10	0	0	81	0	0	7	145	73	63	0	0	0	75	0	8	1	4	0	0	0	0	131	38	18	118	1	0	148	11	0	0	0	6	0	0	27	0	6	2	0	151	13	0	37	214	3	0	192	300	109	7	12	0	14
OTU_59	285	0	3	0	214	124	273	125	19	256	0	155	0	206	48	132	48	367	173	287	79	29	12	197	103	459	24	22	56	0	45	226	79	0	218	47	20	271	116	285	304	0	0	222	281	63	5	7	190	153	168	0	37	0	44	144	276	0	0	0	80	211	0	227	258	10	43	39	0	191	42	77	36	0	1	0	122	57	130	67	91	139	42	0	37	513	51	3	176	19	0	122	338	0	60	168	83	1	0	29	101	10	94	0	16	254	38	57	633	204	0	79	567	45	75	118	0	291
OTU_1	838	183	746	0	823	610	2114	66	2655	1454	777	914	450	2542	2162	2748	226	3612	4204	0	9	1666	1197	872	860	284	631	1	1807	9	1206	863	2	614	909	32	0	4684	1141	1625	3955	1	755	1446	3409	128	4713	3	1580	160	1808	1118	1533	875	598	426	871	592	875	3	247	977	1	205	882	7	5239	0	11	590	879	2242	3615	1018	644	471	743	56	1517	64	90	468	67	936	150	14	2959	806	672	0	0	526	1629	1	6	781	119	2	4	1230	2	563	1152	916	1223	229	2	2340	715	2646	553	1035	49	2028	69	1602	1178	2553
OTU_745	195	1	0	0	7	12	0	5	92	17	0	66	0	5	9	2	15	0	2	103	105	54	80	14	3	32	14	10	115	0	10	0	42	0	13	1	24	0	14	0	2	0	0	591	0	9	0	11	0	9	41	0	11	0	0	8	15	0	0	0	7	20	0	11	17	0	71	12	0	18	177	239	19	0	0	0	597	5	33	0	1	7	4	0	10	0	358	0	224	16	0	71	0	0	9	0	2	2603	0	95	60	0	0	0	16	0	11	184	71	3	0	495	0	188	4	1	0	2
OTU_41	2703	0	0	0	1	0	0	0	0	0	0	547	0	0	0	0	0	0	0	0	0	0	0	0	0	0	0	0	1714	0	0	0	0	0	0	1	0	0	0	0	0	0	0	461	0	0	0	0	0	0	0	0	0	0	0	0	1	0	0	0	1	0	0	0	0	0	0	0	0	0	0	0	0	0	0	0	1361	1	0	0	0	0	0	0	0	0	0	0	447	0	0	681	0	0	0	0	0	2463	0	0	0	0	0	0	0	0	0	0	1103	0	0	560	0	0	0	0	0	0
OTU_183	114	0	0	0	43	30	57	37	2	37	0	183	0	29	38	0	6	3	16	0	0	27	6	32	26	61	0	0	133	0	40	36	1	0	36	23	0	46	27	6	45	0	0	259	19	7	0	0	22	49	0	0	23	0	15	41	72	0	0	0	12	75	0	32	26	12	45	0	0	38	77	36	2	0	0	0	0	14	32	17	17	36	5	0	8	0	0	0	0	0	0	71	58	0	0	54	27	0	0	24	2	19	20	0	70	47	0	23	0	49	0	181	0	20	20	11	0	69
OTU_16	276	32	1027	0	3	5	7	5	33	2	95	40	165	6	29	5	3	6	9	5	0	17	35	2	60	20	201	0	81	5448	24	25	1	17	12	2	0	9	0	1	20	44	154	71	6	0	261	0	138	3	13	195	17	395	76	6	3	128	73	69	3	3	0	13	0	5	45	0	10360	6	42	16	22	135	32	96	94	6	8	4	10	0	2	53	5	166	38	248	13	0	435	36	5	155	0	2	6	2634	0	14	0	35	11	109	39	119	0	29	123	14	110	51	137	74	2	8	201	9
OTU_259	441	0	340	65	5	33	120	11	147	24	0	130	1	15	37	170	31	32	34	157	264	87	208	35	317	182	67	48	231	0	25	42	81	0	14	7	79	2	18	45	41	0	3	992	30	14	147	16	68	26	390	1	66	1	297	21	25	4	1	2	8	24	1	70	121	10	150	24	0	17	245	534	100	5	0	1	753	12	28	11	16	26	8	0	5	1	1107	13	376	60	0	170	251	7	24	2	75	2546	808	193	195	69	27	0	22	263	19	342	81	15	1	755	4	318	5	17	1	90
OTU_31	190	0	0	0	111	105	190	6	31	74	0	443	0	23	264	125	16	94	34	62	319	116	17	50	14	244	5	1	605	0	300	64	476	0	78	8	0	255	88	92	200	0	0	600	37	22	4	1	101	113	14	0	277	0	2	68	107	0	0	0	53	50	0	39	289	2	149	109	0	75	125	134	120	1	0	0	299	11	40	7	9	114	15	0	11	1	9	1	5	0	0	1473	95	0	279	83	45	0	0	134	369	193	5	0	147	17	227	153	121	213	1	506	2	113	8	21	0	177
OTU_4	855	0	4	1	523	161	2732	271	1351	66	0	244	1	1285	2355	1214	189	305	1230	86	654	1124	2612	82	13	2	563	172	1714	7	355	1149	136	1	679	342	152	3170	147	57	770	0	0	469	522	493	7	131	240	992	1506	0	919	1	3	187	554	0	0	6	517	503	0	661	16	45	5430	183	9	930	3153	2336	832	1	0	1	1789	452	339	295	262	785	246	1	13	0	2	3	2896	228	0	1116	2025	2	552	281	838	1	2	1529	290	419	560	4	3465	4	100	1934	1639	2598	0	1622	19	2033	348	746	1	3032
OTU_33	1170	0	0	0	95	182	0	0	0	150	0	926	0	0	0	0	27	0	0	606	168	0	0	45	0	4	0	53	1906	0	0	0	58	0	184	2	2	0	152	0	0	0	0	980	0	6	0	53	0	54	0	0	0	0	0	178	46	0	0	0	0	63	0	27	25	0	0	89	0	121	0	0	0	0	0	0	3253	0	129	1	26	79	3	0	7	0	0	0	864	62	0	1696	0	0	173	116	43	0	0	0	211	0	0	0	0	0	45	0	527	0	0	1577	0	0	5	0	0	0
OTU_20	601	0	0	0	58	26	0	25	443	28	0	259	0	0	621	373	84	0	0	195	367	513	138	29	0	1143	64	61	181	0	486	0	327	0	54	11	13	2	21	0	0	0	0	1843	13	96	1	21	1	208	451	0	360	0	0	5	44	0	0	0	178	43	0	93	1011	12	405	33	0	71	464	341	590	1	1	0	1501	21	44	15	33	209	11	1	60	1	559	3	1376	28	1	830	1	1	191	38	22	1002	0	555	374	193	0	3	349	1	100	846	1158	0	1	295	5	405	33	0	0	0
OTU_10	184	58	681	1332	100	113	711	41	200	182	755	71	626	9	278	356	7	170	31	8	528	1	202	190	212	4	74	89	342	1	1	227	452	194	129	51	89	117	21	99	6	133	493	225	80	4	719	68	50	54	313	599	0	391	106	146	378	385	178	0	20	438	0	32	37	17	585	79	1	144	4	1521	197	972	482	224	1239	24	50	73	30	101	9	219	27	1481	763	372	249	17	1	37	421	68	79	132	70	15	35	631	597	2	0	296	0	246	126	1467	443	365	355	537	850	1052	14	0	614	748
OTU_167	133	0	0	0	15	9	46	19	0	16	0	94	0	3	0	0	2	26	8	0	0	0	0	4	52	8	0	0	128	0	0	10	0	0	18	5	0	13	13	44	15	0	0	225	15	9	7	0	20	5	0	0	0	0	36	21	29	0	0	0	8	27	0	9	24	6	0	0	0	23	0	0	0	0	0	0	152	6	15	5	6	118	0	0	1	0	0	0	40	0	0	90	16	0	0	9	3	0	0	0	0	0	0	0	0	51	0	0	150	12	0	299	0	0	7	3	0	28
OTU_63	458	101	1004	2	3	4	11	5	52	2	191	26	156	1	30	19	15	13	0	31	19	9	42	2	16	9	46	16	135	406	36	42	12	54	4	3	6	5	9	8	10	0	141	28	3	9	404	11	59	1	31	322	10	182	19	3	3	85	270	490	2	5	2	8	3	8	72	45	1389	4	19	34	23	215	143	143	156	7	12	1	6	4	2	120	16	276	61	407	30	19	772	46	7	593	4	6	9	0	0	22	19	122	5	44	16	41	10	32	153	6	47	69	374	229	1	2	124	13
OTU_122	122	0	0	46	16	15	0	0	0	0	0	124	0	0	0	0	14	0	0	25	18	0	0	0	0	0	0	5	101	0	0	0	14	0	12	0	12	0	15	0	0	0	0	75	0	9	0	6	0	3	0	0	0	0	0	7	13	0	0	0	0	14	0	16	4	0	0	1	0	7	0	0	0	0	0	0	90	0	10	0	3	16	2	0	1	0	0	0	68	4	0	121	0	0	15	12	4	0	0	0	20	0	0	0	0	0	21	0	78	0	0	85	0	0	5	0	0	0
OTU_924	85	0	0	0	6	7	9	2	0	3	0	131	0	20	45	0	1	1	10	0	0	26	11	2	2	45	0	0	130	0	45	5	0	0	18	0	0	8	9	0	0	0	0	224	6	5	0	0	0	9	0	0	28	0	1	15	8	0	0	0	1	13	0	6	14	1	33	0	2	16	77	36	5	0	0	0	0	0	11	7	2	9	2	0	0	0	0	0	0	0	0	93	4	0	0	17	3	0	0	27	0	22	16	0	67	0	0	23	1	8	0	185	0	14	2	10	0	4
OTU_586	127	0	0	0	0	0	0	1	22	0	0	40	0	0	2	77	0	0	0	0	0	0	43	0	0	15	0	0	81	0	16	0	0	0	0	0	0	0	0	0	0	0	0	74	0	0	0	0	0	0	0	0	2	0	0	0	1	0	0	0	0	0	0	0	47	0	3	0	0	0	1	3	116	0	0	0	274	1	0	0	0	4	0	0	3	0	265	0	227	0	0	786	0	0	0	0	0	0	0	0	0	8	0	0	4	0	0	4	42	0	0	125	0	0	0	0	0	0
OTU_455	380	0	0	2	17	25	54	24	62	27	0	101	0	25	81	0	1	0	35	20	56	171	59	35	43	8	0	3	185	0	46	43	13	0	72	15	7	76	42	0	0	0	0	237	74	15	0	7	0	8	0	0	71	0	62	20	17	0	0	0	13	41	0	37	17	11	195	5	1	15	70	98	12	0	0	0	6	16	25	25	4	12	1	0	7	0	14	0	19	1	0	146	55	0	30	29	11	0	154	73	37	22	6	0	80	0	11	107	0	78	0	129	1	97	26	20	0	59
OTU_384	412	0	0	1	22	32	62	32	54	29	1	130	0	32	89	0	2	0	30	24	48	177	65	35	48	6	0	2	247	0	39	24	14	0	65	8	1	79	39	0	0	0	0	248	59	19	0	3	0	15	0	1	86	0	70	13	23	0	0	0	5	46	5	32	14	17	183	4	0	43	66	72	11	0	0	0	5	8	40	10	8	11	4	0	6	0	15	0	32	1	0	207	55	0	24	31	19	0	159	64	32	18	7	1	55	0	14	61	0	80	0	167	0	111	29	28	0	57
OTU_36	146	0	0	0	0	1	0	0	280	3	0	80	0	22	252	344	0	0	11	0	0	5	65	2	1	0	23	0	226	0	178	0	0	0	2	12	0	145	35	2	0	0	0	257	0	3	0	0	0	2	494	0	480	0	0	2	1	0	0	0	31	53	0	16	1	0	326	0	3	0	99	269	163	0	0	0	208	6	48	0	7	1	1	1	0	505	480	0	279	0	0	28	0	0	1	18	15	0	0	362	1	265	82	0	35	0	0	658	0	156	1	341	1020	405	14	15	0	0
OTU_429	205	0	1	0	77	51	57	29	18	34	0	87	0	65	28	78	16	131	25	54	82	19	7	22	78	99	16	23	26	0	26	53	64	0	35	16	5	138	21	71	134	1	0	148	56	6	2	5	50	56	134	0	24	0	23	43	102	0	0	0	25	69	0	58	101	7	35	21	0	38	35	54	30	0	0	0	85	12	39	16	31	95	41	0	4	386	57	1	133	18	0	77	82	1	73	50	18	0	0	25	136	7	37	1	14	158	36	52	440	99	0	56	402	37	30	21	0	68
OTU_88	387	77	0	0	0	2	0	2	0	1	64	17	63	0	0	0	0	0	0	0	0	0	0	0	0	0	0	0	108	0	0	3	0	79	0	1	0	0	0	0	0	0	179	41	0	3	0	0	0	0	0	125	0	84	0	0	0	35	36	0	2	4	0	0	0	0	0	0	0	0	0	0	0	116	76	50	74	14	0	4	0	0	0	62	0	0	0	0	13	0	93	39	0	76	0	0	3	599	0	0	0	0	0	35	0	0	0	0	58	0	53	36	0	0	1	0	23	0
OTU_309	280	111	1	1	640	280	0	23	144	1132	578	632	315	0	229	410	14	0	0	0	0	156	277	638	2	118	12	0	1261	2	378	3	2	516	419	7	0	0	3	0	0	0	492	901	0	17	0	0	0	39	5	834	164	628	1	144	682	433	630	0	90	202	0	71	565	0	185	1	0	293	290	43	121	695	573	393	569	19	2	18	37	300	36	706	9	0	1760	2	254	0	1	157	2	2	0	194	59	0	0	94	0	355	0	671	446	0	0	66	591	0	432	745	7	58	38	1	930	0
OTU_32	114	0	1	0	74	62	112	17	291	178	0	142	0	277	254	341	18	75	18	0	1	122	199	150	111	140	82	0	538	0	279	86	0	0	69	30	0	12	90	138	136	0	0	637	272	28	0	0	46	96	133	0	119	0	74	36	95	0	0	0	69	31	0	116	256	5	385	0	1	104	403	230	569	0	0	0	701	34	109	22	22	217	4	0	21	0	14	0	383	0	0	260	128	1	0	17	35	2	0	191	0	24	74	0	478	9	0	302	0	11	0	1143	9	157	22	140	0	98
OTU_100	106	0	62	0	0	0	0	0	1	0	0	4	0	0	0	0	0	38	0	0	0	0	62	0	172	0	0	0	0	0	0	17	0	0	0	11	0	0	3	13	0	0	0	10	12	1	1	0	0	2	0	0	0	0	864	1	0	0	0	0	0	1	0	8	0	0	0	0	0	2	0	2	38	0	0	0	0	0	1	29	9	8	58	0	0	0	2	3	0	0	0	0	4	0	0	0	15	0	0	6	0	0	0	0	1	12	0	2	0	0	0	0	0	3	19	0	0	0
OTU_132	101	0	0	0	12	7	0	0	0	7	0	80	0	0	0	0	2	0	0	0	0	0	0	5	0	16	0	0	101	0	0	0	0	0	0	3	0	0	3	0	0	0	0	122	0	0	0	0	0	4	0	0	0	0	0	15	20	0	0	0	3	17	0	5	3	0	0	0	0	13	0	0	0	0	0	0	0	1	14	1	3	0	0	0	2	0	0	0	104	0	0	82	0	0	0	6	5	0	0	0	0	0	0	0	0	0	0	0	32	0	0	100	0	0	0	0	0	0
OTU_14	119	0	3	0	181	141	469	187	463	138	0	220	1	218	934	1047	55	736	252	41	54	577	355	60	259	215	109	131	149	2	442	186	28	1	180	134	159	647	168	455	334	0	0	449	720	28	4	81	159	115	418	0	477	0	183	121	116	0	0	0	121	96	0	83	104	45	1440	64	4	133	561	674	879	0	0	0	379	145	162	138	52	1342	64	1	17	3559	506	7	0	32	0	67	369	0	44	129	83	0	0	429	241	367	123	1	1180	194	21	690	1499	463	0	288	5612	584	116	196	0	473
OTU_162	90	0	0	0	2	0	0	1	0	0	0	12	0	11	0	0	0	0	9	0	0	0	0	1	23	0	0	0	39	0	0	0	0	0	1	0	0	0	0	0	0	0	0	11	7	0	0	0	0	1	0	0	0	0	22	0	0	0	0	0	0	2	0	1	0	1	1	0	0	2	0	0	0	0	0	0	13	0	0	1	1	0	0	0	0	0	0	112	7	0	0	13	0	0	0	0	1	131	0	0	0	0	7	0	0	0	0	0	13	1	0	14	0	0	1	2	0	0
OTU_99	57	0	0	10	4	1	33	4	74	0	0	10	0	18	23	27	3	23	2	0	19	39	39	0	0	1	10	5	56	0	18	18	14	0	17	0	5	13	3	8	28	0	0	37	8	5	0	4	3	5	26	0	74	1	2	0	3	0	0	0	1	6	0	9	14	2	9	62	0	4	35	96	22	0	0	0	0	11	4	2	2	3	13	0	0	7	25	0	79	1	0	41	33	0	1	1	4	0	12	47	11	2	3	0	19	2	4	122	0	18	0	95	19	99	15	5	0	33
OTU_897	108	0	0	0	4	2	1	3	0	4	0	61	0	0	0	0	0	5	1	0	0	0	0	2	69	0	0	0	122	0	0	1	0	0	2	1	0	3	2	41	0	0	0	213	19	1	9	0	2	2	0	0	0	0	37	2	11	0	0	0	1	5	0	0	0	3	0	0	0	3	0	0	0	0	0	0	174	0	0	1	0	0	0	0	0	0	0	0	40	0	0	96	1	0	0	3	0	0	0	0	0	0	0	0	0	35	0	0	155	5	0	296	0	0	3	0	0	0
OTU_29	42	53	42	242	8	12	49	6	19	16	123	48	127	37	12	86	9	15	24	34	36	36	22	21	21	70	4	3	57	0	34	14	32	85	10	4	10	20	11	19	135	19	152	335	11	3	75	3	48	5	209	93	47	603	13	28	27	338	185	1	4	20	25	12	28	3	15	42	0	32	54	34	32	199	293	267	60	3	26	2	2	23	8	173	4	1134	50	42	72	6	0	29	21	1	16	5	6	0	466	16	24	32	31	358	18	32	13	30	42	38	250	238	1226	30	4	49	558	35
OTU_62	23	20	1	0	35	15	73	22	48	18	122	55	175	9	38	42	2	32	5	0	0	37	39	53	8	26	0	0	34	0	79	14	0	40	21	34	0	28	22	9	36	0	185	180	18	1	29	0	12	16	0	79	66	128	1	28	60	161	101	0	6	74	0	6	52	5	32	0	0	35	50	79	45	276	224	38	42	45	36	35	2	3	1	46	0	0	5	4	44	0	0	70	77	0	0	31	16	0	0	65	2	26	7	191	54	6	0	83	69	81	141	141	0	47	25	28	114	48
OTU_145	32	0	0	1	7	0	8	1	19	1	0	14	0	1	7	6	0	5	1	2	7	15	8	9	3	0	4	0	29	0	24	3	1	0	2	2	2	7	2	11	2	0	0	13	2	1	0	0	5	8	0	0	6	0	3	5	7	0	0	0	3	12	0	1	4	0	8	3	0	5	9	17	15	0	0	0	0	2	2	0	1	3	1	0	0	7	16	0	27	4	0	14	13	0	1	5	5	0	234	8	1	22	0	1	5	1	1	8	20	3	0	44	11	5	1	0	0	5
OTU_71	43	0	0	0	20	13	6	9	54	10	0	84	0	6	139	25	8	0	18	12	37	305	40	7	0	9	1	33	354	0	214	5	25	0	19	9	37	11	11	2	0	0	0	54	7	3	1	3	0	11	0	0	218	0	0	3	7	0	0	0	15	6	0	10	3	1	194	6	0	7	205	152	40	0	0	0	0	5	4	4	3	10	6	0	12	0	1	0	10	1	0	54	15	0	21	12	2	0	0	67	50	450	4	1	131	0	13	122	0	6	0	261	2	206	6	6	0	8
OTU_134	49	0	0	0	38	50	0	23	0	48	0	4	0	0	3	0	0	0	0	0	0	0	0	15	0	0	0	0	25	0	0	0	0	0	34	40	0	0	64	0	0	0	0	10	0	25	0	0	0	88	0	0	0	0	0	6	11	0	0	0	4	32	0	130	0	8	0	0	0	8	0	0	0	0	0	0	683	0	68	4	33	0	0	0	0	0	0	0	39	0	0	20	0	0	1	29	32	33	0	0	1	0	0	0	0	0	0	0	1091	2	0	12	0	0	49	2	3	0
OTU_673	4	0	0	0	2	3	0	1	0	2	0	0	0	0	0	0	0	0	0	0	0	0	0	1	0	0	0	0	3	0	0	0	0	0	2	2	0	0	4	0	0	0	0	0	0	1	0	0	0	5	0	0	0	0	0	1	2	0	0	0	0	8	0	7	0	0	0	0	0	2	0	0	0	0	0	0	60	0	9	0	2	0	0	0	0	0	0	0	2	0	0	0	0	0	0	1	3	1	0	0	0	0	0	0	0	0	0	0	103	0	0	1	0	0	2	0	0	0
OTU_815	21	13	14	105	2	9	20	0	7	6	57	19	36	9	1	33	10	7	5	2	12	11	18	13	6	20	2	1	18	0	11	4	7	27	3	2	3	6	0	4	43	1	53	158	2	1	43	0	14	2	67	31	12	239	3	7	3	150	79	0	0	10	6	2	10	2	4	11	0	4	25	20	18	94	132	77	25	6	6	1	1	8	2	68	1	441	11	28	32	4	0	13	4	0	5	4	2	0	179	7	9	8	5	109	14	11	3	12	15	11	105	96	534	17	1	15	232	10
OTU_327	2	0	0	0	44	27	45	5	120	13	0	0	0	18	106	77	0	16	21	0	1	153	27	17	6	13	4	0	0	0	295	8	0	0	21	3	0	18	20	14	61	0	0	0	31	3	0	1	41	30	49	0	340	0	8	33	44	0	0	0	8	29	0	5	55	1	181	0	1	37	481	102	142	1	0	0	0	1	30	1	1	16	4	0	4	1	0	0	0	0	0	0	21	0	0	44	11	0	0	48	0	95	12	0	375	18	0	68	0	15	0	0	0	55	4	19	0	25
OTU_9	4	1	0	0	513	911	0	1293	0	625	0	0	0	0	1	0	710	0	0	1591	596	0	1	405	0	628	1	372	1	0	0	0	666	0	976	710	597	0	888	0	0	0	0	30	0	1275	1	482	0	613	0	0	0	0	0	439	378	0	0	0	430	769	0	848	911	836	0	622	0	667	0	0	1	1	0	0	0	2104	767	1061	517	293	191	0	318	0	1	1	1	616	0	1	0	0	583	587	1105	0	1	1	934	0	0	0	0	1	550	0	1	0	0	0	0	0	1686	0	0	0
OTU_64	5	0	1	0	259	102	337	0	1	164	0	0	0	48	127	0	3	154	38	0	0	19	19	161	0	60	0	0	0	1	26	121	0	0	77	3	0	177	66	112	198	0	0	0	92	0	0	0	44	6	0	0	19	0	15	73	176	0	0	1	5	126	0	2	36	1	480	0	0	77	85	262	1	0	0	0	0	0	72	1	2	100	31	0	7	0	0	2	0	0	0	0	239	0	0	164	10	0	0	80	0	0	20	0	126	3	1	35	0	132	0	0	0	20	0	157	0	360
OTU_111	3	0	0	0	18	19	43	5	0	53	0	1	0	42	0	0	13	0	8	59	48	0	0	30	162	7	0	16	0	0	0	50	27	0	23	8	33	19	17	0	0	0	0	1	27	9	0	5	0	12	0	0	0	0	46	14	27	0	0	0	15	14	0	9	25	2	0	10	0	25	0	0	0	0	0	0	3	5	25	8	12	67	6	0	1	0	0	76	1	16	0	1	44	0	40	14	7	0	0	0	31	0	12	0	0	0	18	1	0	12	0	0	0	1	12	23	0	42
OTU_198	3	0	0	0	16	22	0	0	0	97	0	0	0	0	1	2	0	0	0	0	1	0	0	111	0	0	0	0	0	0	0	0	0	0	38	0	1	1	37	0	0	0	0	1	0	33	0	0	0	3	0	0	0	0	0	71	97	0	0	0	1	106	0	4	0	0	0	0	0	131	1	0	0	0	0	0	0	0	55	0	0	1	0	0	0	0	0	0	0	0	0	0	2	0	0	23	5	0	0	1	0	0	0	0	0	0	0	1	0	1	0	0	0	0	5	0	0	0
OTU_77	2	0	0	0	25	40	0	89	0	82	0	0	0	89	0	0	0	1	93	0	0	0	0	108	242	0	0	0	0	0	0	0	0	0	41	83	0	75	77	0	0	0	0	5	51	54	0	0	0	24	0	0	0	0	446	103	147	0	0	0	0	196	0	84	0	103	2	0	0	139	0	0	0	0	0	0	0	0	173	101	62	0	0	0	0	0	0	0	0	0	0	0	0	0	0	37	133	0	0	0	0	0	415	0	0	0	0	1	0	158	0	0	0	0	129	63	0	0
OTU_28	4	0	0	0	751	691	49	220	0	448	1	0	0	220	0	0	77	1	46	142	408	0	0	325	251	17	0	128	0	2	0	394	332	0	368	67	125	457	352	0	0	0	0	8	675	29	0	44	1	362	0	0	0	0	43	354	282	0	0	3	240	519	0	213	228	41	0	43	0	266	0	0	0	0	0	0	0	126	325	224	79	552	47	0	7	0	0	0	0	69	0	0	578	0	348	401	203	0	0	1	336	0	12	0	0	0	174	0	0	245	0	0	0	0	104	48	0	82
OTU_46	5	0	1	0	261	149	282	127	0	251	0	11	0	91	5	0	21	124	138	127	296	0	0	224	80	133	0	0	11	1	4	279	296	0	179	61	1	467	91	70	147	0	0	16	483	64	1	0	46	188	0	0	2	0	25	165	266	0	0	0	138	235	0	104	158	14	2	161	0	170	4	0	0	0	0	0	0	39	66	59	75	272	9	0	12	0	1	0	0	0	0	7	357	0	304	212	133	0	0	1	290	2	37	0	4	110	188	0	0	438	0	11	0	0	63	49	0	459
OTU_15	2	0	2	1	754	699	0	0	0	1070	0	0	0	0	0	1	2008	0	0	1608	391	1	0	450	0	1714	0	305	0	1	0	0	297	0	722	0	259	0	763	0	0	0	0	22	0	1062	0	195	0	533	0	0	0	0	0	563	681	0	0	0	0	616	0	289	2483	3	0	732	0	662	0	0	0	0	0	0	0	0	1049	0	489	378	146	1	1295	1	1	0	0	1421	0	0	0	1	418	471	658	1	2	0	559	0	0	1	0	0	425	0	0	0	0	0	0	1	235	0	0	0
OTU_187	1	0	0	0	1	0	0	0	0	0	0	1	0	0	0	0	0	0	0	0	0	0	0	0	0	0	0	0	0	0	0	0	0	0	0	0	0	0	0	0	0	0	0	0	0	0	0	0	0	0	0	0	0	0	0	0	0	0	0	0	0	1	0	0	0	0	0	0	0	0	0	0	0	0	0	0	1	0	0	0	0	0	0	0	0	0	0	0	1	0	0	2	0	0	0	0	0	0	0	0	0	0	0	0	0	0	0	0	0	0	0	1	0	0	0	0	0	0
OTU_182	1	0	0	0	0	0	0	3	0	1	1	0	0	1	0	0	0	0	0	0	0	0	0	0	1	0	0	0	0	0	0	0	0	0	0	0	0	0	0	0	0	0	0	0	0	0	0	0	0	0	0	0	0	0	1	0	0	0	0	0	1	2	0	1	0	0	0	0	0	0	2	0	0	0	0	0	0	0	0	0	0	0	0	0	0	0	0	0	0	0	0	0	0	0	0	1	0	0	0	0	0	0	0	0	0	2	1	0	0	0	0	0	0	0	0	0	0	0
OTU_12	1	0	6	0	446	283	418	1	0	164	0	0	0	1207	1	0	104	822	739	796	196	0	0	83	320	1212	0	0	0	1	1	292	315	1	255	111	0	764	43	744	5599	0	0	6	493	16	2	0	1271	302	1	1	0	0	87	282	417	0	0	0	3	434	0	99	374	0	2	59	0	238	0	1	0	0	1	0	1	140	33	168	122	578	115	0	163	0	0	1	0	0	0	0	391	0	166	456	167	0	1	0	150	0	1274	2	0	880	146	1	0	809	0	1	0	0	122	1163	0	422
OTU_486	1	0	0	0	15	9	36	1	99	7	0	0	0	58	106	25	0	85	67	0	0	225	73	5	2	0	17	0	0	0	179	25	0	0	9	1	0	23	5	25	178	0	0	0	10	2	0	0	14	6	146	0	213	0	4	12	10	0	0	0	8	19	0	5	0	0	159	0	0	16	164	82	97	0	0	0	0	5	10	2	1	1	0	0	0	0	143	0	0	0	0	0	52	0	0	11	9	0	0	70	0	139	12	0	125	6	0	82	0	18	0	0	2	49	2	19	0	71
OTU_17	18	249	7	0	20	19	6	11	4	29	307	5	2786	0	7	16	20	1	1	5	167	4	7	59	8	87	1	1	11	0	11	4	181	174	34	5	0	1	39	3	7	0	3153	42	0	7	1	1	3	6	8	1139	10	736	11	38	92	2300	259	551	20	71	1	27	153	0	12	44	0	54	21	42	13	3886	199	416	34	4	85	7	12	33	10	694	11	0	34	0	15	1	1441	7	8	2955	15	18	10	128	8	18	163	26	0	2459	4	3	41	19	5	7	2213	42	1	21	6	4	996	3
OTU_76	2	0	0	1	33	31	93	29	0	29	0	0	0	0	0	0	78	0	1	158	298	0	0	9	0	5	1	74	0	1	0	38	230	1	33	22	203	94	9	0	1	0	0	0	140	3	0	41	0	85	0	0	0	0	18	17	39	0	0	0	33	40	0	57	0	3	0	154	1	25	0	0	0	0	0	0	0	15	14	18	8	276	40	0	10	0	0	1	0	69	0	0	89	0	324	51	34	0	1	0	296	0	2	0	0	0	160	0	0	45	0	0	0	0	26	1	0	101
OTU_8	4	0	0	2	1214	1389	0	3647	0	1062	0	0	0	0	0	0	186	0	0	104	443	0	1	230	0	0	1	1548	0	0	0	1	220	1	1241	2194	970	0	1841	0	0	0	0	176	0	3238	1	1604	0	1120	0	0	0	0	0	1385	1454	0	0	0	1070	1682	0	3493	0	4980	0	1175	0	1111	0	0	0	0	0	0	0	4575	1388	5188	6272	163	107	0	0	0	0	1	0	313	0	0	0	0	472	553	4693	1	0	0	481	0	0	0	0	0	621	0	0	0	0	0	0	0	3245	0	0	0
OTU_91	4	0	0	0	92	74	0	46	0	77	0	0	0	0	1	0	13	0	0	44	111	0	0	90	0	15	0	14	0	0	0	0	77	0	99	28	75	0	87	0	0	0	0	2	0	6	0	36	0	60	0	0	0	0	0	71	121	0	0	0	79	64	0	49	43	14	0	16	0	59	0	0	0	0	0	0	3	13	85	59	35	104	11	0	4	0	0	0	0	20	0	0	0	0	108	56	17	0	0	0	99	0	0	0	0	0	45	0	0	0	0	0	0	0	16	0	0	0
OTU_176	1	0	0	0	11	6	0	14	0	1	0	0	0	0	0	0	7	0	0	0	0	0	0	3	0	6	0	0	0	0	0	0	0	0	6	18	0	0	9	0	0	0	0	0	0	1	0	0	0	9	0	0	0	0	0	19	41	0	0	0	5	12	0	6	7	29	0	0	0	13	0	0	0	0	0	0	0	24	8	13	23	3	0	0	7	0	0	0	0	0	0	0	0	0	0	6	11	0	0	0	0	0	0	0	0	0	0	0	0	0	0	0	0	0	12	0	0	0
OTU_467	2	0	0	0	207	75	0	0	0	142	0	0	0	0	0	0	0	0	0	0	0	0	0	107	0	0	0	0	0	0	0	0	0	0	65	0	0	0	52	0	1	0	0	0	0	1	0	0	0	6	0	0	0	0	0	80	167	0	0	0	6	118	0	0	0	0	1	0	0	28	0	0	0	0	0	0	0	1	48	3	6	0	0	0	1	0	0	0	0	0	0	0	1	0	0	106	12	0	0	0	0	0	0	0	0	0	0	0	0	0	0	0	0	0	0	0	0	1
OTU_105	4	0	0	0	23	47	1	122	1	34	0	0	0	0	2	0	9	0	0	0	0	0	0	17	0	15	0	0	0	0	0	0	0	0	33	70	0	0	58	0	0	0	0	13	0	62	0	0	0	48	0	0	0	0	0	33	18	1	0	0	45	28	0	65	2	123	0	1	0	14	0	0	0	0	0	0	2	238	54	163	102	11	17	0	43	0	0	0	7	0	0	2	0	1	0	15	140	0	0	0	2	0	0	0	0	0	0	0	2	0	0	0	0	0	125	6	0	0
OTU_67	4	0	0	0	8	4	8	4	22	8	0	2	0	93	142	38	13	0	69	8	4	1105	428	3	56	107	157	0	13	0	19	35	2	0	93	4	0	24	80	1	0	0	0	2	24	37	1	0	0	23	488	0	253	0	1	5	9	0	0	0	19	10	0	44	69	16	130	0	0	89	19	173	14	0	0	0	9	16	158	22	36	5	1	0	4	0	176	0	4	0	1	0	11	0	5	15	12	0	0	131	12	29	58	1	2	0	4	376	0	40	0	5	0	218	17	32	0	8
OTU_324	1	0	0	0	123	51	70	1	6	76	0	0	0	2	26	0	1	0	8	0	0	24	0	47	1	13	0	0	0	0	9	6	0	0	40	1	0	73	53	0	0	0	0	1	0	16	0	0	0	53	0	0	16	0	0	98	158	0	0	0	59	127	0	45	13	0	0	0	0	40	0	0	0	0	0	0	0	0	70	4	5	4	0	0	0	0	0	0	0	0	0	0	42	0	0	123	12	0	0	17	1	0	1	0	0	0	0	0	0	63	0	0	0	0	2	3	0	68
OTU_7	4	1	0	0	1324	1774	0	1823	0	378	0	0	0	0	0	0	995	0	0	0	1	0	0	122	0	2266	0	0	1	0	0	0	0	0	1280	847	0	0	1265	0	0	0	0	102	0	2415	0	1	0	1597	0	0	0	0	0	1103	1200	0	0	0	802	1254	0	1377	2345	2048	0	0	0	1025	0	0	0	0	0	0	0	1983	1231	1940	1599	2	0	0	1614	2	0	1	0	0	0	1	0	0	0	1097	3313	0	0	0	0	0	0	0	0	0	0	0	2	0	0	0	0	0	1956	0	0	0
OTU_2	1	5629	78	0	6	138	59	16	1	40	169	0	338	294	6	1	291	123	553	4	2	0	0	29	610	212	0	0	0	12	1	20	0	464	127	444	0	1	126	83	782	0	535	2	79	32	218	0	1504	56	0	3834	16	3917	1552	402	13	2990	752	9053	23	1	17	71	147	377	1	5	5	317	0	3	0	1324	614	9167	0	226	291	167	129	134	136	1936	390	1	0	293	0	0	2992	0	12	1380	0	14	127	0	0	0	1	0	1424	2769	0	1953	1	4	0	0	2806	0	1	1	45	298	3443	39
OTU_114	1	0	0	0	28	21	0	55	0	86	0	0	0	0	0	0	4	0	0	0	0	0	0	133	0	6	0	0	0	0	0	0	0	0	45	31	0	0	34	0	0	0	0	0	0	19	0	0	0	24	0	0	0	0	0	35	44	0	0	0	26	70	0	59	11	14	0	0	0	41	0	0	0	0	0	0	0	21	50	37	17	48	0	0	0	0	0	0	0	0	0	0	0	0	0	18	71	0	0	0	0	0	0	0	0	0	0	0	0	0	0	0	0	0	40	0	0	0
OTU_140	1	0	0	10	3	0	0	4	0	2	0	0	0	0	0	0	6	0	0	0	94	0	0	1	0	0	0	0	0	0	0	0	76	0	3	2	0	0	2	0	0	0	0	1	0	1	0	1	0	11	0	0	0	0	0	0	0	0	0	0	23	5	0	13	0	4	0	8	0	1	0	0	0	0	0	0	0	0	6	5	1	34	15	0	0	0	0	0	0	0	0	0	0	0	27	0	17	0	25	0	126	0	0	0	0	0	25	0	0	0	0	0	0	0	31	0	0	0
OTU_95	1	0	0	0	0	0	0	0	0	0	0	0	0	0	0	0	330	0	0	0	0	0	0	0	0	153	0	0	0	0	0	0	0	0	0	0	0	0	0	0	0	0	0	0	0	0	0	4	0	0	0	0	0	0	0	0	0	0	0	0	0	0	1	0	146	0	0	0	0	0	0	0	0	0	0	0	0	0	0	0	0	38	13	0	255	1	0	0	0	0	0	0	0	0	0	0	0	0	0	0	0	0	0	0	0	0	0	0	0	0	0	0	0	0	0	0	0	0
OTU_45	1	0	0	0	110	32	64	78	185	89	0	0	0	106	269	224	20	0	64	0	0	92	73	67	163	370	1	0	0	0	146	55	0	0	18	14	0	68	42	1	0	0	0	1	101	14	1	0	0	183	84	0	138	0	27	28	241	0	0	0	58	87	0	53	62	20	193	0	1	21	82	166	253	0	0	0	0	44	68	15	25	261	140	0	12	1	751	356	0	0	0	0	72	0	0	56	33	0	0	227	0	90	28	1	70	1	0	249	0	67	0	0	3	131	33	25	1	81
OTU_24	2	266	1	4	47	27	53	52	203	68	2199	0	858	182	168	139	58	208	98	33	5	94	104	111	45	7	42	29	0	7	35	46	4	971	46	44	22	182	58	124	165	0	1032	5	8	104	404	32	39	158	330	722	138	954	31	38	55	747	1873	402	179	36	0	28	5	26	368	6	0	51	325	177	277	1520	979	435	0	67	66	82	66	866	172	1133	15	2	154	0	0	42	3034	0	59	9597	10	24	152	0	0	94	11	73	33	890	423	130	5	161	0	148	786	0	2	163	96	32	1069	78
OTU_35	1	0	206	1	23	27	146	51	238	17	0	0	0	73	161	241	82	267	88	174	75	208	183	11	134	56	40	35	0	1	262	27	71	0	40	37	120	22	53	138	271	0	0	0	104	14	840	13	180	46	194	0	306	1	106	29	18	0	0	1	62	71	0	62	169	12	362	21	2	47	126	156	369	0	0	0	0	17	93	42	30	416	108	0	57	2	153	389	0	79	0	0	96	0	76	53	35	0	0	101	99	190	74	0	147	189	48	96	0	13	0	0	4	95	51	71	0	168
OTU_131	2	0	0	0	161	54	0	0	0	102	0	0	0	0	0	0	5	0	0	17	59	0	0	53	0	0	0	2	0	0	0	0	53	0	79	0	34	0	68	0	0	0	0	0	0	0	0	4	0	108	0	0	0	0	0	80	170	0	0	0	0	96	0	0	0	1	0	29	0	143	0	0	0	0	0	0	0	0	58	0	35	0	0	0	0	0	0	0	0	14	0	0	0	0	43	68	0	0	0	0	44	0	0	0	0	0	43	0	0	0	0	0	0	0	0	0	0	0
OTU_370	2	0	0	0	69	32	0	11	0	53	0	0	0	0	0	0	3	0	0	0	0	0	0	29	0	5	0	0	0	0	0	0	0	0	78	1	0	1	67	0	0	0	0	0	0	4	0	0	0	41	0	0	0	0	0	47	99	0	0	0	21	86	0	44	13	2	0	0	0	59	0	0	0	0	0	0	2	3	66	6	15	36	5	0	1	0	0	0	1	0	0	0	0	0	0	77	11	0	0	0	0	0	0	0	0	0	0	0	0	1	0	0	0	0	9	1	0	0
OTU_163	1	0	0	0	116	124	93	37	14	80	0	53	0	11	37	30	0	13	13	0	8	20	23	60	23	24	5	0	220	0	39	51	4	0	56	12	0	11	26	21	4	0	0	131	42	14	1	0	1	39	0	0	17	0	14	139	96	0	0	1	3	148	0	69	100	1	29	0	0	50	128	129	26	1	1	0	0	37	24	45	27	16	15	2	1	0	4	0	116	0	0	0	79	0	3	95	9	0	0	43	4	2	9	1	63	4	3	96	0	15	0	318	0	77	18	8	0	80
OTU_89	1	0	0	0	30	113	0	121	0	104	0	0	0	0	0	0	0	0	0	0	0	0	0	82	0	0	0	0	1	0	0	0	0	0	125	132	0	0	116	0	0	0	0	8	0	94	0	0	0	68	0	0	0	0	0	46	41	0	0	0	55	64	0	124	0	148	0	0	0	59	0	0	0	0	0	0	0	144	157	134	103	0	0	0	0	0	0	0	1	0	0	0	0	0	0	23	136	0	0	0	0	0	0	0	0	0	0	0	0	0	0	0	0	0	138	0	0	0
OTU_432	1	0	0	0	48	5	98	3	20	18	0	0	0	5	168	1	20	1	19	0	1	180	24	10	11	1	0	0	0	1	98	84	0	0	11	28	0	272	1	1	40	0	0	0	32	0	1	0	6	245	0	0	164	0	0	10	24	0	0	0	13	43	0	34	93	3	49	0	0	5	349	158	3	0	0	0	0	10	1	0	62	198	0	0	8	0	0	0	0	0	0	0	126	0	1	24	17	0	0	103	0	103	2	1	143	1	0	168	0	253	0	0	0	79	0	17	0	104
OTU_381	1	0	0	0	23	29	22	1	106	13	0	0	0	16	80	74	5	18	11	0	0	146	30	8	11	4	18	0	0	0	291	9	1	0	10	2	0	16	12	19	60	0	0	2	30	2	0	0	21	19	49	0	259	0	16	27	29	0	0	0	10	31	0	3	16	3	165	1	1	22	389	66	121	0	0	0	0	0	20	0	10	11	4	0	2	0	2	0	0	0	0	0	21	0	0	25	7	0	0	50	1	77	23	0	377	8	0	49	0	10	0	0	0	53	5	18	0	24
OTU_107	2	0	0	0	2	0	0	5	0	0	0	0	0	0	0	0	24	0	0	0	0	0	0	0	0	28	0	0	0	0	0	0	0	0	0	0	0	0	0	0	0	0	0	1	0	0	0	0	0	0	0	0	0	0	0	0	1	1	0	0	0	1	0	1	4	0	0	0	0	0	0	0	0	0	0	0	0	0	3	0	0	494	264	0	11	0	0	1	1	0	0	0	0	0	0	0	1	0	1	0	0	0	0	0	0	0	0	0	0	0	0	0	0	0	0	0	0	0
OTU_22	1	55	7	1	35	200	123	103	39	206	440	47	531	45	174	425	18	467	35	454	71	162	200	185	117	54	62	0	213	2	154	97	41	431	130	38	0	396	84	295	393	0	523	111	173	35	1269	13	366	95	810	410	244	18	76	200	59	726	876	177	66	182	0	139	72	5	110	75	2	111	486	258	75	1213	412	41	0	63	72	80	97	115	28	1006	26	0	174	750	115	2	1	0	136	1	51	126	50	1	0	159	89	8	53	483	400	301	49	302	0	305	368	317	3	302	47	99	273	122
OTU_18	1	0	0	0	155	238	0	0	262	464	0	0	1	0	957	1	109	1	0	0	5	892	176	231	0	1116	0	0	0	3	2383	0	0	0	137	0	0	0	139	3	0	0	0	0	0	1	1	0	1	471	0	0	3521	2	0	69	126	0	0	0	0	385	0	95	1860	0	947	0	0	141	851	1019	62	0	0	0	0	0	91	0	0	1	0	1	1	0	0	0	0	0	0	0	1	0	0	379	21	0	1	797	0	278	0	1	945	0	0	1422	2	0	0	0	1	986	0	0	0	2
OTU_343	1	0	0	0	80	160	277	90	0	101	0	0	0	247	1	0	62	2	252	61	141	0	0	138	129	164	0	34	0	2	0	205	117	0	177	20	17	464	214	0	0	0	0	0	218	94	0	13	0	85	0	0	0	0	110	116	93	0	0	2	144	95	0	46	260	9	0	38	0	173	0	3	0	1	0	0	0	28	259	74	13	112	34	0	0	0	0	0	1	34	0	0	404	1	57	35	51	0	0	0	153	0	310	0	0	0	69	0	0	418	0	0	0	1	60	184	0	308
OTU_3	0	1062	64	13	0	1	593	103	1	0	4113	1	3010	1008	6	0	13	881	219	1	5	1	0	0	327	0	1	0	0	6	3	232	3	5256	72	103	0	1	110	604	558	0	3319	1	520	83	93	1	499	0	1	3519	8	3753	224	0	1	3866	3335	2655	87	15	3	2	9	53	0	2	2	62	0	4	0	4036	4521	2452	0	135	111	254	1	1	1	5503	1	4	0	800	0	0	29	0	734	554	2	125	94	0	1	0	5	0	174	4438	0	416	0	1	0	5	4101	0	3	1	144	710	3736	539
OTU_6	0	1313	2	14	0	0	0	0	0	0	5281	3	4025	0	5	2	13	2	0	1	6	1	0	0	0	1	0	1	0	5	0	10	6	7191	0	0	0	1	0	1	0	0	4258	0	0	0	1	0	0	0	0	4425	6	5091	13	2	0	5135	4364	3147	0	0	4	0	0	0	0	6	4	0	0	2	0	5197	5691	3259	0	0	1	0	0	1	0	7308	0	3	0	0	0	0	24	0	3	642	0	1	0	0	0	0	0	0	4	5775	0	0	0	0	0	0	5387	0	2	1	0	0	4770	0
OTU_785	0	32	0	0	0	0	0	0	1	3	112	0	18	0	0	0	0	0	0	0	0	0	0	1	0	0	0	0	0	0	0	0	0	48	0	0	0	0	2	0	0	0	21	0	0	0	0	0	0	0	0	7	0	2	0	8	0	6	111	264	0	6	1	1	0	0	0	0	0	2	0	2	0	31	116	1	0	0	2	0	0	0	0	21	0	0	0	0	0	0	565	0	0	791	0	0	2	0	0	0	0	0	0	10	0	0	0	0	0	0	4	0	0	0	0	0	2	0
OTU_348	0	164	0	3	13	36	0	4	0	25	1091	0	371	1	1	1	1	0	0	0	0	1	0	27	0	1	0	0	0	3	0	1	0	693	46	4	0	0	31	1	0	0	406	1	0	3	0	0	0	13	1	339	1	360	0	27	30	97	1357	2	82	28	0	8	1	1	1	1	0	37	1	0	1	629	530	158	0	1	37	3	35	46	11	488	0	0	0	1	0	0	103	0	3	537	0	24	91	0	1	0	0	0	0	316	0	0	0	0	0	1	307	0	1	1	4	0	129	0
OTU_249	0	165	0	1	28	18	58	3	2	72	1139	0	348	24	0	1	3	88	5	5	6	2	2	34	32	7	0	0	1	1	2	31	3	790	9	3	1	590	3	2	2	0	276	0	8	2	0	0	0	10	1	381	0	632	24	12	27	577	536	1	2	21	0	6	14	0	3	8	0	9	2	0	0	619	831	202	0	0	4	3	0	62	21	965	2	0	3	2	0	3	2	0	82	0	4	13	3	0	1	1	7	0	31	524	1	0	4	1	1	406	400	0	0	1	0	42	734	56
OTU_113	0	11	0	0	3	3	0	0	0	0	105	0	94	0	0	0	0	0	0	0	0	0	0	4	0	76	0	0	0	0	0	1	0	30	3	0	0	0	6	0	0	0	113	0	0	0	0	0	0	1	0	96	0	24	0	12	10	94	2	0	11	12	1	4	56	0	0	0	0	3	0	0	0	190	6	38	0	1	15	1	1	3	3	37	2	0	0	0	0	0	0	0	0	0	0	4	3	0	0	0	0	0	0	112	0	0	0	0	0	0	128	0	0	0	0	0	32	0
OTU_23	0	1	5	0	101	21	330	0	407	31	1	0	0	754	53	0	96	1300	518	1	262	297	208	28	158	56	0	0	0	1	692	120	8	0	78	0	0	907	26	502	681	0	0	1	888	40	4	0	218	94	1	0	821	0	73	10	56	0	0	0	108	20	0	86	38	0	113	53	3	32	50	43	221	0	1	0	0	2	63	6	74	283	0	0	23	0	0	0	0	0	0	0	334	1	229	53	10	0	0	42	203	996	235	3	50	286	2	11	0	612	0	0	3	20	3	427	0	379
OTU_19	0	1	4	2	0	0	0	0	0	0	0	0	0	0	1	0	2253	0	0	686	561	0	6	0	1	180	2	2376	1	0	0	1	331	0	0	0	2941	0	0	1	0	0	1	0	0	0	1	2992	0	0	0	0	0	0	1	1	0	0	0	0	0	0	1	0	38	0	0	1219	0	1	0	0	1	0	1	0	0	0	0	0	0	1296	1252	0	1332	2	3	0	0	3050	0	0	0	0	514	0	0	0	5	1	497	0	0	0	0	0	664	2	0	0	0	0	0	2	0	0	0	0
OTU_84	0	1	1	2	0	0	0	0	0	0	0	0	0	0	0	0	1186	0	1	518	975	2	0	0	0	75	1	1078	0	0	1	0	372	0	0	0	1369	0	0	0	0	0	0	2	2	0	1	1865	0	0	0	0	0	0	0	0	0	0	0	0	0	0	2	0	9	0	1	2198	0	2	0	0	0	0	0	0	0	0	0	0	0	540	650	0	97	1	0	1	0	1956	0	0	0	0	993	0	0	0	3	0	777	0	0	0	0	0	1176	0	0	0	0	0	0	0	0	0	0	0
OTU_13	0	1	0	0	2	54	283	8	185	8	0	1	0	17	353	330	185	218	251	1830	561	0	50	17	32	905	25	39	0	0	1225	96	512	0	2	1	64	211	12	6	264	0	0	4	187	0	133	18	122	10	2	1	1131	0	97	37	3	0	0	0	50	13	0	11	1952	8	535	221	2	6	1600	476	251	0	2	0	1	20	71	67	28	8	26	0	236	3	300	52	0	85	0	0	314	1	285	23	80	0	1948	740	564	1460	3	0	887	19	235	745	0	296	0	0	4	386	1	236	1	170
OTU_11	0	1	9	0	189	86	926	233	1337	199	2	0	0	2333	559	1301	285	1036	1883	438	59	3342	968	104	244	398	222	0	0	2	1015	395	57	0	86	195	0	903	98	631	192	1	0	5	440	76	7	1	396	143	1799	0	2278	0	390	75	114	0	0	0	143	93	1	329	777	124	430	29	2	286	2019	621	1309	2	0	1	0	200	161	195	175	234	3	0	99	0	1115	735	0	0	0	0	835	0	47	119	113	0	2	398	153	2638	225	7	1247	456	22	454	2	889	1	0	28	606	219	38	0	822
OTU_646	0	0	351	1359	10	96	329	129	0	271	0	17	0	59	0	0	216	26	117	881	74	0	0	65	218	78	0	200	0	5	0	857	30	0	151	42	24	18	156	24	181	0	0	7	13	108	217	62	161	51	1	0	0	0	526	77	8	0	0	0	33	4	2113	191	31	199	1	96	0	57	0	0	1	0	1	0	0	123	77	108	61	16	27	1	55	1	0	397	0	170	0	0	107	0	14	5	176	0	2217	0	50	0	453	0	0	233	78	1	0	141	0	0	0	0	52	53	0	127
OTU_96	0	0	522	0	0	0	10	0	0	0	0	0	0	0	0	0	10	12	0	11	5	0	0	0	223	1	0	7	0	1	0	78	2	0	0	0	12	1	0	10	16	0	0	0	3	0	214	18	81	0	0	0	0	0	93	0	0	0	0	0	0	0	0	0	0	0	0	7	1	0	0	0	0	0	0	0	0	0	0	0	0	3	3	0	3	0	0	509	0	7	0	0	23	0	1	0	0	0	38	0	2	0	12	0	0	75	1	0	0	5	0	0	0	0	0	7	0	11
OTU_37	0	0	2452	0	0	0	2	0	1	0	0	0	0	120	0	0	0	130	31	0	0	0	0	0	10	0	1	0	0	0	0	4	1	0	0	0	0	0	0	131	301	0	0	0	2	0	1624	0	881	0	0	0	0	0	45	0	0	0	1	0	0	0	0	0	0	0	0	0	3	0	0	0	0	0	0	0	0	0	0	0	0	0	0	0	0	0	0	1538	0	0	0	0	0	0	0	0	0	0	0	0	0	0	207	0	0	1414	0	0	0	0	0	0	1	0	0	5	0	0
OTU_49	0	0	323	0	9	92	222	31	0	112	0	0	0	109	0	0	9	36	120	0	0	0	0	123	90	267	0	0	0	0	0	166	0	0	98	21	0	91	110	44	385	0	0	0	32	11	571	0	124	27	0	0	0	0	155	174	94	0	0	0	21	183	0	54	102	4	0	0	0	216	0	0	0	0	0	0	0	1	300	9	13	34	6	0	2	0	0	414	0	0	0	0	275	0	0	38	13	0	0	0	0	0	47	0	0	189	1	0	1	312	0	0	0	0	14	64	0	229
OTU_137	0	0	170	0	12	6	2	11	0	4	0	0	0	4	0	0	5	22	2	0	0	0	0	3	34	1	1	0	0	0	0	6	0	0	10	5	0	6	6	38	4	0	0	0	12	4	57	0	20	5	0	0	0	0	6	4	6	0	0	0	3	10	0	20	7	1	0	0	0	8	0	0	0	0	0	0	0	3	8	3	3	32	5	0	0	0	0	63	0	0	0	0	2	0	0	2	6	0	0	0	0	0	0	0	0	73	0	0	0	13	0	0	0	0	6	2	0	4
OTU_26	0	0	250	2123	0	0	0	4	3	0	2	254	0	0	0	0	130	2	0	83	2	0	20	0	0	70	11708	18	1	22	0	0	0	0	0	4	31	0	9	4146	0	10252	0	26	0	0	13	16	2	0	6	0	0	0	1	125	0	0	0	0	0	0	1170	1	151	21	0	3	23	1	0	0	58	0	6	0	0	0	46	6	7	5	0	0	30	5	263	0	0	217	221	0	0	0	0	0	153	0	608	0	0	3	0	0	0	0	1	0	0	0	4	0	7	0	3	3	0	0
OTU_68	0	0	611	0	7	10	0	30	211	38	0	0	0	3	41	0	11	262	0	1	91	123	103	13	143	1	1	13	0	0	84	1	78	1	45	23	4	2	18	279	109	1	0	2	56	5	376	9	165	76	0	1	301	2	101	6	0	0	0	0	105	7	0	52	0	10	291	7	0	31	675	326	202	0	0	0	0	16	13	39	27	184	64	0	0	0	0	313	0	2	0	0	5	0	67	7	62	0	0	122	83	18	3	0	243	319	18	103	0	2	0	0	1	146	31	54	0	2
OTU_5	0	0	1337	3598	22	280	1109	260	3	729	0	117	1	214	0	0	576	73	412	2522	180	2	1	194	660	170	1	625	3	4	0	2689	105	0	451	184	60	45	387	90	603	1	0	35	56	352	765	165	533	121	2	0	0	1	1463	239	18	0	0	1	80	16	5863	547	63	543	1	301	0	131	0	0	1	0	0	0	0	377	204	261	195	36	67	2	191	1	0	1229	0	500	0	0	353	0	22	12	517	0	6154	0	117	0	1408	1	0	762	198	3	2	474	0	0	2	0	149	160	0	549
OTU_42	0	0	30	0	0	1	421	59	0	0	0	0	0	742	0	0	0	660	153	0	0	0	0	0	202	0	0	0	0	1	0	152	0	0	52	77	0	0	81	453	353	0	0	2	326	56	48	0	306	0	0	0	0	0	145	0	0	0	0	1	49	13	1	2	0	31	0	0	1	53	0	2	0	0	0	0	0	120	73	141	1	0	0	0	0	0	0	518	0	0	0	0	513	0	0	82	54	0	0	0	0	0	124	0	0	251	0	0	0	0	2	0	0	0	120	516	0	362
OTU_47	0	0	72	0	2	42	71	1	0	200	0	1	0	92	0	0	181	55	99	0	0	0	0	24	891	124	0	0	0	0	0	26	0	0	57	133	0	0	55	32	171	0	0	7	11	13	289	0	923	26	0	1	0	1	2360	98	8	0	0	0	56	1	0	22	78	235	3	0	2	107	0	0	0	0	0	0	0	249	91	126	110	15	33	0	146	0	0	56	0	0	0	0	6	0	0	1	141	0	0	0	0	0	1073	0	0	1360	0	1	0	9	0	0	0	2	16	126	0	36
OTU_104	0	0	38	0	26	48	78	30	0	49	0	0	0	18	0	0	0	138	10	0	0	0	0	43	60	0	0	0	0	0	0	55	0	0	50	23	0	130	40	68	25	0	0	0	41	19	261	0	63	35	0	0	0	1	28	28	45	0	0	0	37	31	0	27	1	3	1	0	0	39	0	0	0	0	0	0	0	8	64	7	8	0	0	0	0	0	0	45	1	0	0	0	86	0	0	38	9	0	0	0	0	0	4	0	0	126	0	0	0	116	0	1	0	0	17	21	1	73
OTU_30	0	0	26	0	6	276	28	14	1	310	0	0	0	105	0	0	170	36	287	0	0	0	0	104	1062	210	0	0	0	0	1	4	0	0	114	503	0	1	386	38	150	0	1	8	4	27	104	0	739	207	0	0	0	0	1797	580	9	0	0	0	85	0	0	137	174	861	2	0	1	509	0	0	0	0	0	0	0	141	607	310	254	47	75	0	189	0	0	61	0	0	0	0	0	0	0	8	263	0	2	0	0	0	563	0	0	931	0	2	2	0	0	0	0	4	54	83	0	15
OTU_56	0	0	17	1092	43	80	688	297	0	46	0	0	0	42	1	0	24	58	45	298	612	0	0	53	120	201	0	16	1	0	0	184	406	0	152	60	97	332	61	80	159	0	0	2	33	74	462	56	70	100	0	0	0	0	185	53	64	0	0	0	44	63	139	157	181	132	0	150	2	141	0	0	0	0	2	0	0	156	92	115	60	129	26	0	16	0	1	495	0	21	0	1	412	0	109	49	75	0	1218	0	710	0	34	1	0	187	129	0	0	529	0	0	0	0	175	104	0	590
OTU_118	0	0	11	0	0	0	53	0	0	0	0	0	0	77	0	0	0	175	44	0	0	0	0	0	30	0	0	0	0	0	0	56	0	0	0	0	0	69	0	88	137	0	0	0	29	0	154	0	28	0	0	0	0	1	16	0	0	0	0	0	0	0	0	0	0	0	0	0	0	0	0	0	0	0	0	0	0	0	0	0	0	0	0	0	0	0	0	1	0	0	0	0	77	0	1	0	0	0	0	0	0	0	13	0	0	63	0	0	0	61	0	0	0	0	0	32	0	91
OTU_50	0	0	8	0	52	67	120	17	103	34	0	1	0	95	224	213	47	182	91	196	129	151	163	12	52	202	3	44	0	0	235	91	90	0	52	9	69	87	33	123	285	0	0	0	116	20	93	11	31	24	98	0	145	0	23	79	57	0	0	1	14	46	0	54	50	6	403	48	0	62	207	185	134	0	0	0	0	21	73	19	16	266	29	0	20	0	54	377	0	35	0	0	121	0	124	55	10	0	0	92	102	162	30	0	346	116	59	155	0	81	0	0	7	154	15	115	0	143
OTU_373	0	0	16	1673	0	1	0	1	1	3	1	47	0	0	0	0	121	0	0	57	0	0	9	2	0	64	608	13	0	10	0	0	0	0	0	1	27	0	17	99	0	504	0	5	0	2	0	16	1	0	0	0	0	0	0	15	0	0	0	0	0	0	967	0	127	15	0	0	15	1	0	0	6	0	1	0	0	0	25	4	0	1	0	0	22	0	244	0	0	182	25	0	0	0	0	0	19	0	483	0	0	2	1	0	0	0	0	0	0	0	2	0	3	0	6	0	0	0
OTU_103	0	0	5	0	33	41	33	54	0	55	0	0	0	143	0	0	27	431	160	0	0	0	0	38	36	222	1	0	0	0	0	38	0	0	42	26	0	218	35	307	1221	1	0	0	54	6	1	0	246	36	0	0	0	0	41	36	26	0	0	1	6	39	0	30	301	8	0	0	0	23	0	0	0	0	0	0	0	38	26	18	14	139	0	0	17	0	0	0	0	0	0	0	37	0	0	41	5	0	0	0	0	0	26	0	0	105	0	0	0	165	0	0	0	0	30	253	0	45
OTU_43	0	0	6	1	67	17	206	47	189	67	0	0	0	154	223	351	68	406	245	10	38	298	72	33	175	27	80	19	0	1	260	116	5	0	22	45	34	346	13	462	145	0	0	1	88	18	6	11	45	267	948	0	447	0	18	23	50	0	0	2	36	101	0	102	104	12	237	10	1	21	978	543	249	0	0	0	0	29	4	40	91	463	35	0	18	4	7	0	0	25	0	1	199	0	39	76	52	0	0	141	47	289	52	3	329	249	21	321	0	286	1	0	10	201	23	75	0	225
OTU_51	0	0	1	0	503	331	579	62	0	412	0	1	0	18	0	0	23	5	71	0	64	0	0	245	2	57	0	0	1	2	0	409	65	0	256	105	0	262	202	4	11	0	0	3	94	85	1	0	5	256	0	0	0	0	7	471	579	0	0	0	150	275	0	175	93	24	0	48	0	473	0	0	0	0	0	0	0	42	333	88	135	63	16	0	9	0	0	0	0	0	0	0	626	0	58	127	153	0	0	0	65	0	6	0	0	0	36	0	0	301	0	0	0	2	53	9	0	654
OTU_40	0	0	1	1	0	0	0	0	0	0	0	0	0	0	0	0	732	0	0	231	217	0	1	0	0	79	2	1384	0	0	1	0	74	0	0	0	1503	0	0	0	0	1	0	1	0	0	0	906	0	0	0	0	0	0	0	0	0	0	0	0	0	0	0	0	5	0	0	234	0	0	0	0	0	0	0	0	0	2	0	0	0	484	523	0	278	0	0	0	2	1013	0	0	0	0	189	0	0	1	233	0	148	0	1	0	0	0	111	0	0	0	0	0	0	0	0	0	0	0
OTU_25	0	0	2	1	56	21	360	83	457	77	1	0	0	768	191	415	97	367	635	170	25	1163	279	26	93	120	71	0	0	3	366	139	22	0	37	39	0	316	44	212	59	0	0	1	177	29	6	1	123	56	576	0	765	0	150	38	40	0	0	0	32	42	0	114	298	41	135	2	1	99	680	202	500	0	0	0	0	70	60	59	61	106	1	0	37	0	399	266	0	0	0	0	327	1	20	43	48	0	0	129	54	883	62	2	430	187	12	166	0	323	0	0	3	222	63	14	0	294
OTU_34	0	0	2	0	0	1	0	6	55	117	0	0	0	0	2	76	0	3	0	0	0	193	224	1	0	0	23	0	0	0	59	1	0	0	7	1	0	0	0	0	0	304	0	0	0	0	9	1	0	0	13	0	388	1	0	5	1	0	0	0	5	1	0	0	0	0	130	0	0	1	1044	930	3	0	0	0	0	0	0	12	0	1	0	0	0	634	394	0	0	0	0	0	0	0	0	0	0	0	0	126	0	536	1	1	62	0	0	1476	0	0	0	0	1466	4088	1	0	0	0
OTU_57	0	0	2	0	0	0	305	0	0	0	0	0	0	403	0	0	131	432	308	0	0	0	1	0	3	289	0	0	0	2	0	303	0	0	0	0	0	1040	0	174	251	0	0	0	63	0	0	0	140	0	0	0	0	0	3	0	0	1	0	0	0	0	0	0	76	0	1	0	0	0	0	0	0	0	0	0	0	0	0	0	0	43	7	0	60	0	1	0	0	0	0	0	347	0	1	0	0	0	0	0	1	0	199	1	0	0	1	0	0	553	0	0	0	0	0	54	0	459
OTU_83	0	0	1	0	55	3	76	0	96	4	0	0	0	187	156	0	0	99	163	0	1	292	39	7	12	0	0	0	0	0	211	21	0	0	2	0	0	45	7	135	231	0	0	0	46	0	1	0	54	3	1	0	454	0	4	0	61	0	0	0	6	19	0	0	0	0	284	0	1	4	299	189	29	0	0	0	0	1	2	1	0	0	0	0	0	0	1	1	0	0	0	0	65	0	0	7	0	0	0	157	0	206	10	1	267	29	0	178	0	34	0	0	0	78	4	83	0	58
OTU_129	0	0	1	0	109	53	128	34	1	57	0	0	0	82	0	0	4	151	58	0	45	0	1	36	16	18	0	0	0	0	3	64	35	0	91	2	0	85	58	67	216	0	0	0	125	8	1	0	93	67	0	0	2	0	11	39	92	0	0	0	32	64	0	52	21	1	1	13	0	70	2	0	1	0	0	0	0	11	68	13	20	64	1	0	3	0	0	0	0	0	0	1	86	0	48	73	17	0	0	0	62	0	51	0	3	15	43	0	0	58	0	0	0	0	19	74	0	160
OTU_72	0	0	1	0	0	0	0	0	1	0	0	0	0	0	0	0	646	0	0	184	266	0	0	0	0	124	0	507	0	1	0	0	111	0	0	0	536	0	0	0	0	0	0	0	0	0	0	594	0	0	0	0	0	0	0	0	0	0	0	0	0	0	0	0	17	0	0	532	0	0	0	0	0	0	0	0	0	0	0	0	0	241	232	0	442	0	0	0	0	783	0	0	0	0	268	0	0	0	1	0	219	0	0	0	0	1	293	0	0	0	0	1	0	1	0	0	0	0
OTU_496	0	0	1	0	16	9	85	0	3	36	0	0	0	77	40	39	25	0	142	55	20	28	14	21	14	1	0	1	0	0	63	2	40	0	0	0	1	82	13	17	33	0	0	0	72	1	1	3	0	4	12	0	121	0	5	17	1	0	0	0	0	7	0	1	13	7	33	22	0	5	70	55	27	0	0	0	0	0	17	2	0	13	6	0	22	0	33	0	0	4	0	0	5	0	22	5	3	0	0	20	39	73	38	0	42	0	20	48	0	69	0	0	0	45	0	61	0	70
OTU_119	0	0	1	0	0	0	0	0	0	0	0	0	0	0	0	0	59	0	0	28	118	0	0	0	0	9	0	62	0	0	0	1	58	0	0	0	84	0	0	0	0	0	0	0	0	0	0	102	0	0	0	0	0	0	0	0	0	0	0	0	0	0	0	0	1	0	0	243	0	0	0	0	0	0	0	0	0	0	0	0	0	46	73	0	4	0	0	0	1	80	0	0	0	0	110	0	0	0	0	0	101	0	0	0	0	0	146	0	0	0	0	0	0	0	0	0	0	0
OTU_144	0	0	2	0	8	12	8	3	0	7	0	0	0	8	0	0	0	10	22	0	0	0	0	12	0	9	0	0	0	0	0	16	0	0	8	4	0	3	9	69	165	0	0	0	18	3	0	0	111	20	0	0	0	0	3	24	23	0	0	0	6	13	0	5	4	1	0	0	0	24	0	0	0	0	0	0	0	4	8	6	2	8	0	0	3	0	0	0	0	0	0	0	33	0	0	8	1	0	0	0	0	0	0	0	0	0	0	0	0	2	0	0	0	0	0	1	0	13
OTU_38	0	0	2	2	0	0	0	0	0	0	0	0	0	0	1	2	1968	0	0	778	686	1	3	0	0	486	0	1334	0	0	1	1	312	0	0	0	1368	0	0	0	0	0	0	0	1	0	1	1337	0	0	0	0	0	0	0	0	0	0	0	0	0	0	1	0	123	0	0	1855	2	0	0	1	0	0	0	0	0	0	0	0	0	802	988	0	1137	1	3	0	0	2076	0	0	1	0	666	0	0	0	6	0	685	1	0	0	0	1	1026	0	0	0	0	0	0	0	0	1	0	0
OTU_86	0	0	1	0	66	75	45	42	0	64	0	0	0	12	0	0	14	110	9	12	120	0	0	23	66	17	0	0	0	0	0	49	88	1	48	13	38	75	26	94	38	0	0	2	91	14	3	0	61	48	0	0	0	0	5	45	95	0	0	0	23	29	0	50	15	3	0	22	0	68	0	0	0	0	0	0	0	12	36	28	21	58	12	0	4	0	0	1	0	0	0	0	33	0	114	20	16	0	0	0	141	0	13	0	0	227	74	0	0	62	2	0	0	1	18	14	0	32
OTU_87	0	0	1	0	1	1	0	3	0	1	0	1	0	0	0	0	837	0	0	226	158	0	2	0	2	147	0	729	0	1	0	0	116	0	0	0	788	0	0	0	0	0	0	2	2	0	1	832	0	0	0	0	0	0	0	0	1	0	0	0	0	1	0	2	65	1	1	388	0	0	0	0	0	0	0	0	0	0	1	0	0	14	24	0	543	0	0	0	0	817	0	0	0	0	157	1	0	0	3	0	213	0	0	0	0	0	192	1	0	0	0	0	0	1	1	0	0	0
OTU_60	0	0	0	3317	0	0	0	0	0	0	0	0	0	0	0	0	16	0	0	15	93	0	0	0	0	0	0	15	0	0	0	0	51	0	0	0	9	0	0	0	0	0	0	0	0	0	0	13	0	0	0	0	0	0	0	0	0	0	0	0	0	0	1576	0	0	0	0	81	0	0	0	0	0	0	0	0	2	0	0	0	0	2	1	3	1	0	0	0	0	24	0	0	0	0	16	0	0	0	1467	0	28	0	0	0	0	0	59	0	0	1	0	0	0	0	0	0	0	0
OTU_177	0	0	0	89	0	0	0	0	0	0	0	0	0	0	0	0	1	0	0	0	1	0	0	0	0	95	0	1	0	0	0	0	0	0	0	0	4	0	0	0	0	0	0	0	0	0	0	0	0	0	0	0	0	0	0	0	0	0	0	0	0	0	16	0	58	0	0	3	0	0	0	0	0	0	0	0	0	0	0	0	0	2	9	0	4	0	0	0	0	0	0	0	0	0	3	0	0	0	38	0	0	0	0	0	0	0	0	0	0	0	0	0	0	0	0	0	0	0
OTU_156	0	0	0	83	0	0	0	0	0	0	2	1310	0	0	0	0	0	0	0	0	0	0	1	0	1	0	28	0	2	1	0	0	0	0	0	2	4	0	0	5	0	29	0	159	0	0	0	0	0	0	1	0	0	0	1	549	0	0	0	0	0	3	1	0	0	3	0	0	2	1	0	0	1	0	0	0	0	0	6	0	39	0	2	0	0	2	7	0	0	6	2	1	0	0	0	0	660	0	0	0	0	0	0	0	0	1	0	0	0	0	0	0	4	0	0	0	0	0
OTU_428	0	0	0	29	13	32	6	4	0	39	0	0	0	1	0	0	2	0	0	8	9	0	0	58	5	59	0	1	0	0	0	3	10	0	28	2	1	4	29	2	8	0	0	0	0	2	14	5	0	8	0	0	0	0	3	18	27	0	0	0	8	23	3	9	15	2	0	1	0	44	0	0	0	0	0	0	0	6	55	1	2	5	1	0	0	0	0	8	0	0	0	0	2	0	4	16	2	0	29	0	5	0	0	0	0	5	0	0	0	4	0	0	0	0	4	0	0	5
OTU_843	0	0	0	4	0	0	0	0	0	0	0	109	0	0	0	0	0	0	0	0	0	0	0	0	0	0	3	0	0	0	0	0	0	0	0	0	3	0	0	0	0	3	0	17	0	0	0	0	0	0	0	0	0	0	1	43	0	0	0	0	0	0	0	0	0	1	0	0	1	0	0	0	0	0	0	0	0	0	2	0	2	0	0	0	0	0	0	0	0	1	0	0	0	0	0	0	60	0	0	0	0	0	0	0	0	0	0	0	0	0	0	0	0	0	0	0	0	0
OTU_851	0	0	0	1	0	0	0	0	0	0	0	0	0	0	0	0	195	0	0	71	119	0	0	0	0	50	0	149	0	0	0	0	55	0	0	0	210	0	0	0	0	0	0	0	0	0	0	189	0	0	0	0	0	0	0	0	0	0	0	0	0	0	0	0	10	0	1	297	0	1	0	0	1	0	0	0	0	0	0	0	0	55	96	0	142	0	0	0	0	224	0	0	0	0	129	0	1	0	0	0	107	0	0	0	0	0	128	0	0	0	0	0	0	0	0	0	0	0
OTU_74	0	0	0	1	0	0	0	0	0	0	0	0	0	0	1	0	164	0	0	54	171	0	2	0	0	2	2	1135	0	0	0	0	131	0	0	0	969	0	0	0	0	0	0	0	0	0	0	1443	0	0	1	0	0	0	0	0	0	0	0	0	0	0	0	0	0	0	0	273	1	0	0	0	0	0	0	0	0	0	0	0	0	52	21	0	23	0	0	0	0	259	0	0	0	0	182	0	0	0	0	0	133	0	0	0	0	0	189	1	0	0	0	0	1	0	0	0	0	0
OTU_39	0	0	0	2	0	0	0	0	0	0	0	0	0	0	0	0	1094	0	0	424	684	0	2	0	0	4	2	2105	1	0	1	1	418	0	0	0	2171	0	0	0	0	0	0	0	0	0	0	2175	0	0	0	0	0	0	0	0	0	0	0	0	0	0	1	0	0	0	0	2317	0	0	0	0	0	1	0	0	0	0	0	0	0	614	1460	0	60	0	0	0	0	1444	0	0	0	0	851	0	0	0	5	1	737	0	0	0	0	0	1431	0	0	0	0	0	0	2	0	0	0	0
OTU_112	0	0	0	2	0	0	0	0	0	0	0	0	0	0	1	0	112	0	0	42	350	0	4	0	0	4	0	746	0	0	2	1	223	0	0	0	637	0	0	0	0	0	0	0	1	0	0	923	0	0	0	0	0	0	0	0	0	0	0	0	0	0	1	0	1	0	0	985	0	0	0	0	0	0	0	0	0	0	0	0	0	246	167	0	10	0	0	0	0	180	0	0	0	0	474	0	0	0	0	0	407	0	0	0	0	0	592	0	0	0	0	0	0	0	0	0	0	0
OTU_194	0	0	0	1	0	0	0	0	0	0	0	1	0	0	0	0	7	0	0	30	18	0	0	0	0	6	0	8	0	0	0	0	13	0	0	0	4	0	0	0	0	0	0	0	0	0	0	6	0	0	0	0	0	0	0	0	0	0	0	0	0	0	0	0	14	0	0	54	0	0	0	0	0	0	0	0	0	0	0	0	0	2	2	0	11	0	0	1	0	5	0	0	0	0	4	0	0	0	0	0	23	0	0	0	0	0	10	0	0	0	0	0	0	0	0	2	0	0
OTU_53	0	0	0	0	640	340	0	158	0	352	0	1	0	0	0	0	0	0	0	0	0	0	0	159	0	12	0	0	0	0	0	0	0	0	259	79	0	0	133	1	0	0	0	5	0	56	0	0	0	120	0	0	0	0	0	253	307	0	0	0	43	381	0	38	0	67	0	0	0	65	0	0	0	0	0	0	0	341	144	162	23	139	26	0	5	0	0	0	0	0	0	1	0	0	0	312	112	0	0	0	0	0	0	0	0	0	0	0	0	0	0	0	0	0	108	0	0	0
OTU_344	0	0	0	0	293	306	27	88	0	178	0	0	0	66	0	1	38	0	11	52	150	0	0	136	108	2	0	48	0	0	0	157	129	0	167	26	69	166	137	0	0	0	0	3	271	19	0	23	1	140	0	0	0	0	19	171	148	0	0	1	127	225	0	96	88	15	0	20	0	128	0	0	0	0	0	0	0	70	142	108	35	233	14	0	4	0	0	1	0	25	0	0	208	0	143	153	92	0	0	0	101	0	11	0	0	0	91	0	0	101	0	0	0	0	48	31	0	38
OTU_85	0	0	0	0	147	62	155	2	0	108	0	0	0	90	1	0	12	0	72	0	0	0	0	78	38	156	0	0	0	1	0	234	0	0	78	15	0	242	28	0	0	0	0	2	241	1	0	0	0	37	0	0	0	0	1	75	190	0	0	0	16	153	0	14	38	6	0	1	0	109	0	0	0	0	0	0	0	29	10	6	14	134	24	0	18	0	0	0	0	0	0	0	145	0	1	93	36	0	0	0	0	0	92	0	0	0	0	0	0	154	0	0	0	0	11	94	0	285
OTU_90	0	0	0	0	317	5	256	2	0	238	0	0	0	0	0	0	0	56	0	0	0	0	0	230	1	0	0	0	0	0	0	114	0	0	36	0	0	119	20	2	16	0	0	0	155	17	52	0	5	180	0	0	0	0	1	1	174	0	0	0	22	219	0	89	0	5	0	0	0	80	0	0	0	0	0	0	0	0	53	1	32	0	0	0	0	0	0	7	0	0	0	0	275	0	0	76	19	0	0	0	0	0	0	0	0	0	0	0	1	108	0	0	0	0	1	7	0	316
OTU_78	0	0	0	0	187	175	0	275	0	217	0	0	0	0	0	0	67	0	0	0	0	0	0	96	0	28	0	0	0	0	0	0	0	0	139	95	0	0	183	0	0	0	0	13	0	294	0	0	0	101	0	0	0	0	0	131	195	0	0	0	83	194	0	367	17	224	0	0	0	117	0	0	0	0	0	0	0	265	125	210	264	25	51	0	153	0	0	0	0	0	0	0	0	0	0	89	397	0	0	0	0	0	0	0	0	0	0	0	0	0	0	0	0	0	206	0	0	0
OTU_414	0	0	0	0	110	100	0	41	0	150	0	0	0	0	0	0	154	0	0	100	283	0	0	111	0	137	1	2	0	0	0	0	310	0	145	24	23	52	94	0	0	0	0	5	18	57	0	16	0	225	0	0	0	1	22	102	153	1	0	0	108	238	0	140	60	4	0	252	0	163	0	0	0	0	0	0	0	35	91	21	37	258	69	0	24	0	0	2	0	102	0	0	1	0	234	142	137	0	0	0	608	1	0	0	0	0	128	0	0	39	0	0	0	0	30	0	0	0
OTU_326	0	0	0	0	144	102	56	0	4	77	0	0	0	2	22	0	0	0	8	0	0	19	0	32	0	11	0	0	0	0	7	8	0	0	29	4	0	38	67	0	0	0	0	0	0	11	0	0	0	60	0	0	12	0	0	114	155	0	0	1	37	127	0	33	17	1	0	0	0	38	0	0	1	0	0	0	0	1	74	2	16	1	0	0	0	0	0	0	0	0	0	0	25	1	0	84	5	0	0	10	0	0	0	0	0	0	0	0	0	60	0	0	0	0	3	1	0	50
OTU_628	0	0	0	0	96	56	133	65	0	145	0	1	0	65	0	0	9	43	44	0	49	0	0	75	15	4	0	0	0	0	0	87	57	0	56	29	0	195	48	40	135	0	0	1	136	12	0	0	90	73	0	0	0	0	5	60	103	0	0	2	54	86	0	52	9	5	0	33	0	61	0	0	0	0	0	0	0	21	43	66	28	118	3	0	4	0	0	1	0	0	0	0	125	0	50	79	34	0	0	0	90	0	36	0	0	0	39	0	0	138	0	0	0	0	37	13	0	188
OTU_1233	0	0	0	0	216	221	20	69	0	151	0	0	0	55	0	0	26	0	6	30	106	0	0	91	70	6	0	40	0	0	0	108	106	0	125	29	38	126	121	0	0	0	0	3	182	8	0	19	0	105	0	0	0	0	13	100	101	0	0	0	67	182	0	77	61	7	0	13	0	83	0	0	0	0	0	0	0	50	86	70	23	180	12	0	0	0	0	0	0	20	0	0	125	0	93	123	91	0	0	0	86	0	10	0	0	0	51	0	0	70	0	0	0	0	36	17	0	17
OTU_374	0	0	0	0	121	31	0	18	59	137	0	0	0	0	285	26	29	3	0	34	78	71	54	85	0	25	15	47	0	0	52	0	60	0	111	17	13	0	91	2	1	0	0	0	0	9	1	16	0	33	309	0	71	0	0	29	63	1	0	0	18	157	0	26	6	4	772	67	0	83	302	219	141	0	0	1	1	9	84	18	15	101	9	0	15	1	64	0	0	63	0	4	0	0	78	124	16	0	0	123	104	84	0	0	458	0	48	372	0	0	0	0	0	307	23	0	0	0
OTU_820	0	0	0	0	104	74	58	11	50	59	0	0	0	50	50	0	8	0	36	24	49	28	55	51	0	65	0	12	0	0	98	32	27	0	106	5	30	41	36	0	0	0	0	1	82	5	0	1	0	50	0	0	60	0	11	67	117	0	0	0	13	91	0	25	30	2	65	15	0	96	154	108	9	0	0	0	0	2	52	8	26	75	4	0	7	0	0	0	0	8	0	0	96	0	47	88	20	0	0	45	69	24	31	0	220	0	30	71	0	19	0	0	0	54	12	31	0	70
OTU_54	0	0	0	0	131	169	0	380	0	132	0	0	0	0	0	0	116	0	0	0	0	0	0	53	0	328	0	0	0	0	0	0	0	0	163	112	0	0	173	0	0	0	0	8	0	217	0	0	0	154	0	0	1	1	0	73	63	0	0	0	146	108	0	306	284	321	0	0	0	97	0	0	0	0	0	0	0	211	139	337	211	232	92	0	96	0	0	0	0	0	0	0	0	0	0	73	218	0	0	0	0	0	1	0	0	0	0	0	0	1	0	0	0	0	723	0	0	0
OTU_388	0	0	0	0	69	144	1	0	0	125	0	0	0	0	0	0	39	0	0	0	0	0	0	60	0	6	0	0	0	0	0	0	0	0	138	1	0	0	92	0	0	0	0	0	0	0	0	0	0	0	0	0	0	0	0	134	100	0	0	0	6	113	0	0	6	0	0	0	0	162	0	0	0	0	0	0	1	0	172	2	0	155	11	0	172	0	0	0	0	0	0	0	0	0	0	112	3	0	0	0	0	0	0	0	0	0	0	0	0	0	0	0	0	0	1	0	0	0
OTU_171	0	0	0	0	62	36	0	0	0	0	0	0	0	0	0	0	0	0	0	0	0	0	0	0	0	0	0	0	0	0	0	0	0	0	30	0	0	0	3	0	0	0	0	0	0	42	0	0	0	0	0	0	0	0	0	15	95	0	0	0	0	5	0	0	0	0	0	0	0	33	0	0	0	0	0	0	0	0	1	0	0	0	0	0	0	0	0	0	0	0	0	0	0	0	0	24	3	0	0	0	0	0	0	0	0	0	0	0	0	0	0	0	0	0	0	0	0	0
OTU_500	0	0	0	0	65	127	85	4	17	36	0	0	1	3	57	220	0	8	3	0	0	79	11	55	12	1	32	0	0	0	150	32	0	0	173	0	0	29	47	11	132	0	3	0	3	1	0	0	47	0	113	0	120	0	3	181	192	0	0	0	0	141	0	0	0	6	115	0	0	229	351	486	174	0	0	0	0	0	55	1	0	0	0	0	0	3	160	0	0	0	0	1	71	0	0	34	0	0	0	156	0	642	4	0	82	9	0	233	0	91	0	0	3	258	2	6	0	44
OTU_622	0	0	0	0	113	177	0	1	222	354	0	0	0	0	656	1	73	3	0	0	7	683	137	168	0	944	0	0	1	0	1684	0	0	0	104	0	0	0	107	4	0	0	0	3	0	1	3	0	2	426	0	0	2565	1	0	60	90	0	1	0	0	271	0	78	1574	0	756	0	2	74	754	785	46	0	0	2	0	0	71	0	1	0	0	0	0	0	0	0	0	0	1	0	0	0	0	291	16	0	0	647	1	213	0	1	692	0	0	1078	0	0	0	0	0	880	0	0	0	0
OTU_109	0	0	0	0	58	35	34	12	11	25	0	0	0	21	46	33	7	1	17	16	12	41	26	13	38	26	15	9	0	0	50	36	8	0	30	3	5	48	30	1	0	0	0	0	37	8	1	5	0	21	30	0	25	0	4	35	61	0	0	0	9	29	0	30	37	1	106	6	0	36	137	51	29	0	0	0	0	8	35	18	10	41	14	0	4	0	22	0	0	6	0	0	52	0	9	33	12	0	0	20	12	107	11	0	71	1	4	48	0	56	0	0	0	40	13	3	0	50
OTU_385	0	0	0	0	54	34	57	22	0	83	0	0	0	2	0	0	46	0	3	41	102	0	0	70	5	53	0	0	0	0	0	34	123	0	42	4	3	141	37	0	0	0	0	1	4	9	0	8	0	44	0	0	0	0	9	58	65	0	0	0	41	51	0	27	25	3	0	85	0	35	0	0	0	0	0	0	0	19	43	9	10	92	38	0	7	0	1	0	0	37	0	0	96	0	91	55	39	0	0	0	211	1	5	0	0	0	37	0	0	110	0	0	0	0	6	10	0	56
OTU_65	0	0	0	0	44	36	345	0	28	0	0	31	0	118	14	0	2	14	280	0	1	15	0	3	2	23	0	0	218	0	144	58	0	0	16	1	0	96	53	22	726	0	0	158	0	0	0	0	25	8	0	0	151	0	9	47	80	0	0	1	1	9	0	4	35	0	7	0	0	42	131	6	8	0	0	0	0	0	93	1	2	0	0	0	7	0	0	0	0	0	0	28	337	0	0	5	18	0	0	33	0	56	41	0	20	4	0	3	0	288	0	855	0	3	0	116	0	253
OTU_463	0	0	0	0	23	9	4	32	0	16	0	0	0	23	0	0	0	0	14	0	0	0	0	17	8	0	0	0	0	0	0	9	0	0	23	6	0	16	23	0	0	0	0	0	6	0	0	0	0	2	0	0	0	0	3	6	12	0	0	0	11	18	0	2	0	4	0	0	0	17	0	0	0	0	0	0	0	15	24	7	11	0	0	0	0	0	0	0	0	0	0	0	25	0	0	12	33	0	0	0	0	0	24	0	0	0	0	0	0	20	0	0	0	0	20	61	0	2
OTU_121	0	0	0	0	38	72	0	18	0	37	0	0	0	0	0	0	68	0	0	0	0	1	0	22	0	51	0	0	0	0	0	0	0	0	72	80	0	0	66	0	0	0	0	2	0	34	0	0	0	37	0	0	0	0	0	29	23	0	0	0	0	39	0	52	54	5	0	0	0	44	0	0	0	0	0	0	0	0	44	40	41	51	13	0	68	0	0	0	0	0	0	0	0	0	0	26	50	0	2	0	0	0	0	0	0	0	0	0	0	0	0	0	0	0	18	0	0	0
OTU_52	0	0	0	0	29	22	0	64	80	0	0	0	0	194	228	0	35	1	126	0	2	477	427	0	0	63	0	0	0	0	202	0	0	0	13	4	0	379	53	1	0	0	0	1	76	37	1	1	0	36	0	1	193	1	0	11	5	0	0	0	0	0	0	54	54	1	398	0	0	33	218	297	95	0	0	0	0	0	57	0	5	0	0	0	0	0	0	2	0	0	0	0	0	0	1	0	0	0	0	189	0	5	169	1	148	0	0	268	0	456	0	1	1	187	26	0	0	0
OTU_44	0	0	0	0	38	20	225	0	8	33	0	0	0	85	290	469	1	375	98	0	0	58	23	13	11	0	1	0	0	1	166	50	0	0	40	0	0	269	19	53	78	0	0	0	28	10	2	1	14	88	1	0	317	0	15	2	16	0	0	0	0	24	0	0	0	0	512	0	3	8	426	368	106	0	0	0	0	0	35	0	1	0	0	0	0	0	156	0	0	0	0	0	228	1	0	66	4	0	0	218	0	73	23	0	380	133	0	299	0	209	0	0	8	348	0	42	0	266
OTU_136	0	0	0	0	67	42	36	20	0	80	0	0	0	23	0	0	4	0	28	0	0	0	0	56	8	110	0	0	1	0	0	21	0	0	48	7	0	53	31	0	0	0	0	2	107	3	1	0	0	22	0	0	0	0	2	43	119	0	0	0	11	62	0	7	36	1	0	0	0	40	0	0	0	0	0	0	0	0	39	7	8	18	3	0	0	0	0	1	0	0	0	0	17	0	0	22	17	0	0	0	0	0	7	0	0	0	0	0	0	83	0	0	0	1	8	7	0	59
OTU_124	0	0	0	0	47	3	53	16	1	9	0	0	0	2	0	0	0	0	0	0	0	0	0	9	33	0	3	0	0	1	0	29	0	0	11	19	0	159	0	0	0	0	0	0	1	1	0	0	0	15	0	0	0	0	22	2	56	0	0	0	19	2	0	8	0	10	0	0	1	21	0	0	0	0	0	0	0	1	0	9	22	0	0	0	0	0	0	1	0	0	0	0	55	0	0	3	6	1	0	0	1	0	1	0	0	63	0	0	0	301	0	0	0	0	18	0	0	58
OTU_55	0	0	0	0	100	85	188	137	329	161	0	0	0	98	217	234	20	2	41	0	1	362	340	100	50	36	66	1	0	0	295	132	0	0	40	95	0	182	46	0	0	0	0	0	167	35	1	0	0	158	467	0	601	0	8	111	145	0	0	1	171	120	0	86	108	24	250	0	0	99	51	452	139	0	0	0	0	49	120	76	80	191	6	0	8	0	104	0	0	0	1	0	178	0	0	47	90	0	0	274	1	271	8	0	4	0	0	394	0	217	1	0	1	340	77	4	0	173
OTU_79	0	0	0	0	69	77	4	108	0	66	1	0	0	130	0	0	59	0	51	49	134	0	0	80	52	32	0	1	0	0	0	11	114	1	111	111	65	388	68	1	0	0	1	3	88	21	0	15	0	24	0	0	0	0	5	62	65	0	3	0	45	54	0	77	18	32	0	60	0	63	0	0	1	0	0	1	0	80	59	74	44	261	121	0	11	0	0	1	0	40	0	0	29	1	80	44	80	0	0	0	217	0	65	0	0	0	32	0	0	520	0	0	0	0	163	100	0	5
OTU_120	0	0	0	0	13	21	103	29	0	15	0	0	0	150	0	0	0	0	99	0	0	0	0	13	4	0	0	0	0	0	0	41	0	0	17	4	0	65	18	0	0	0	0	0	71	10	0	0	0	20	0	0	0	0	19	23	14	0	0	1	25	26	0	15	0	7	0	0	0	20	0	0	0	0	0	0	0	0	49	14	13	0	0	0	0	1	0	0	0	0	0	0	86	0	0	22	4	0	0	0	0	0	26	0	0	0	0	0	0	97	0	0	0	0	16	52	0	60
OTU_146	0	0	0	0	31	10	0	7	0	41	0	0	0	0	0	0	0	0	0	0	0	0	0	39	0	0	0	0	0	0	0	0	0	0	24	3	0	0	48	0	0	0	0	1	0	9	0	0	0	10	0	0	0	0	0	35	100	0	0	0	0	44	0	11	0	2	0	0	0	83	0	0	0	0	0	0	0	0	98	7	5	0	0	0	0	0	0	0	0	0	0	0	0	0	0	15	32	0	0	0	0	0	0	0	0	0	0	0	0	0	0	0	0	0	6	0	0	0
OTU_444	0	0	0	0	32	18	31	13	40	35	0	0	0	15	40	108	10	1	23	50	40	61	53	15	2	117	28	5	0	0	52	13	56	0	21	2	6	21	7	2	0	0	0	0	30	3	0	0	0	14	103	0	46	0	6	28	29	0	0	0	14	35	0	33	52	0	43	5	0	23	47	55	6	0	0	0	0	8	19	8	11	8	4	0	4	0	18	0	0	4	0	0	14	0	44	22	14	0	0	42	45	26	8	0	17	0	42	48	0	11	0	0	1	64	8	2	0	34
OTU_102	0	0	0	0	48	69	0	24	0	23	0	0	0	0	0	0	63	0	0	0	0	0	0	16	0	90	0	0	0	0	0	0	0	0	51	34	0	0	57	0	0	0	0	0	0	15	0	0	0	25	0	0	0	0	0	52	48	0	0	0	21	73	0	40	93	33	0	0	0	32	0	0	0	0	0	0	0	24	55	41	34	95	9	0	86	1	0	0	0	0	0	0	0	0	0	63	33	0	0	0	0	2	0	0	0	0	0	0	0	0	0	0	0	0	24	0	0	0
OTU_583	0	0	0	0	25	10	0	0	0	83	0	0	0	537	0	0	13	0	470	41	29	1	0	26	0	125	0	0	0	0	0	0	14	0	26	97	0	86	9	0	0	0	0	2	234	28	0	0	0	31	0	0	0	0	16	3	52	0	0	0	30	52	0	7	296	1	0	26	0	7	0	1	0	0	0	0	2	1	7	0	18	345	51	0	24	0	0	0	0	0	0	0	0	0	25	40	13	0	0	0	14	0	356	0	0	0	13	0	0	120	0	0	0	0	89	357	0	0
OTU_680	0	0	0	0	16	5	75	0	5	14	0	0	0	62	59	49	12	0	106	25	10	34	33	14	11	0	1	3	0	0	71	2	31	0	0	2	2	72	10	21	23	0	0	0	56	2	0	1	0	3	24	0	117	0	3	14	4	0	0	0	0	2	0	0	12	4	51	11	0	2	84	79	49	0	0	0	0	0	18	0	5	25	8	0	15	0	51	0	0	10	0	0	2	0	7	11	1	0	0	34	38	99	25	0	74	0	14	86	0	60	0	0	0	54	0	45	0	50
OTU_485	0	0	0	0	6	78	0	44	0	97	0	0	0	0	0	0	0	0	0	0	0	0	0	93	0	0	0	0	0	0	0	0	0	0	38	1	0	0	22	0	0	0	0	1	0	11	0	0	0	22	0	0	0	0	0	122	20	0	0	0	2	83	0	64	0	1	0	0	0	48	0	0	0	0	0	0	0	11	25	8	20	0	0	0	0	0	0	0	0	0	0	0	0	0	0	67	2	0	0	0	0	0	0	0	0	0	0	0	0	0	0	0	0	0	5	0	0	0
OTU_504	0	0	0	0	6	2	20	0	56	5	0	0	0	41	57	22	0	47	36	0	0	144	47	2	7	0	4	0	0	0	95	9	0	0	3	1	0	21	2	18	103	0	0	0	6	2	0	0	8	4	80	0	108	0	2	4	5	0	0	0	3	10	0	1	0	0	74	0	0	5	70	42	57	0	0	0	0	1	4	0	3	0	0	0	0	0	76	0	0	0	0	0	25	0	0	2	1	0	0	34	0	56	8	1	70	3	0	43	0	11	0	0	0	20	1	9	0	29
OTU_405	0	0	0	0	15	16	0	4	0	21	0	0	0	5	0	0	14	0	7	0	2	0	0	27	37	7	0	0	0	0	0	0	2	0	33	7	0	196	21	0	0	0	0	0	96	1	0	0	3	2	0	0	0	0	2	14	19	0	0	0	23	20	0	1	26	0	0	1	0	32	0	0	0	0	0	0	0	6	7	0	14	44	14	0	3	0	0	0	0	0	0	0	0	0	0	16	2	0	0	0	4	0	10	0	0	0	1	0	0	161	0	0	0	0	4	21	0	0
OTU_81	0	0	0	0	14	26	115	28	26	19	0	0	0	31	23	0	8	22	12	0	0	8	29	17	8	40	0	0	0	1	13	19	0	0	25	4	0	234	84	16	24	0	0	1	40	57	0	0	31	199	0	0	4	0	1	16	19	0	0	0	106	30	0	233	131	1	30	0	0	49	10	17	31	0	0	0	1	2	149	9	30	19	4	0	2	0	1	0	0	0	0	0	91	0	0	17	22	0	0	16	0	13	15	0	22	9	0	43	0	193	0	0	0	21	1	3	0	152
OTU_335	0	0	0	0	26	8	39	4	0	2	0	0	0	189	0	0	2	0	248	0	0	0	0	0	76	50	0	0	0	0	0	110	0	0	13	58	0	146	35	0	0	0	0	0	94	7	0	0	0	53	0	0	0	0	25	8	20	0	0	0	4	20	0	18	50	44	0	0	0	16	0	0	0	0	0	0	0	0	30	26	31	17	1	0	3	0	0	0	0	0	0	0	69	0	0	22	40	0	0	0	1	0	43	0	0	0	0	0	0	281	0	0	0	0	4	48	0	19
OTU_154	0	0	0	0	15	36	0	0	0	2	0	0	0	0	0	0	0	0	0	0	7	0	0	1	0	52	0	0	0	0	0	0	7	0	38	0	0	0	12	0	0	0	0	0	0	1	0	0	0	11	0	0	0	0	0	10	7	0	0	0	0	0	0	164	43	9	0	10	0	6	0	0	0	0	0	0	0	0	4	0	3	0	0	0	0	0	0	0	0	0	0	0	0	0	3	2	66	0	0	0	19	0	0	0	0	0	6	0	0	0	0	0	0	0	2	0	0	0
OTU_98	0	0	0	0	16	1	0	40	24	18	0	0	0	0	36	0	0	0	0	0	0	612	23	15	0	89	0	0	0	0	61	0	0	0	8	32	0	0	2	0	0	0	0	0	0	1	0	0	0	28	0	0	473	0	0	0	27	0	0	0	26	7	0	2	11	15	23	0	0	12	58	31	7	0	0	0	0	16	7	37	5	0	0	0	1	0	0	0	0	0	0	0	1	0	0	7	3	0	0	31	0	23	0	5	18	0	0	41	0	0	0	0	0	11	18	0	0	0
OTU_386	0	0	0	0	13	33	0	14	28	26	0	0	0	0	13	0	19	0	0	67	48	129	33	32	0	18	5	31	0	0	65	0	25	0	35	14	9	0	14	0	0	0	0	1	0	9	1	5	0	31	0	0	157	0	0	31	18	0	0	0	29	39	0	20	37	5	13	29	0	43	131	31	10	0	0	0	0	7	33	8	14	94	25	0	14	0	0	0	0	20	0	0	0	0	35	24	20	0	0	18	40	76	0	0	40	0	15	18	0	0	0	0	0	21	9	0	0	0
OTU_537	0	0	0	0	18	30	164	10	0	21	0	0	0	133	0	0	2	0	315	0	39	0	0	4	0	57	0	0	0	0	0	217	38	0	44	2	0	176	24	0	1	0	0	2	132	22	0	0	0	27	0	0	0	0	11	12	33	0	0	0	0	25	0	16	28	0	0	7	0	18	1	0	0	0	0	0	0	0	14	13	15	0	0	0	2	0	0	0	0	0	0	0	207	0	29	52	12	0	0	0	41	0	94	0	0	0	28	0	0	147	0	0	0	0	0	123	0	134
OTU_80	0	0	0	0	16	9	188	44	0	10	0	0	0	146	0	0	14	1	324	51	213	0	0	6	0	30	0	0	0	0	0	134	299	0	31	3	0	83	24	0	0	0	0	0	273	7	0	0	0	40	0	0	0	0	13	8	8	0	0	3	37	18	0	15	17	4	0	119	0	18	1	0	0	0	0	0	0	52	12	43	14	15	0	0	1	0	0	1	0	0	0	0	125	0	204	13	22	0	0	0	209	0	229	0	0	1	185	0	0	28	0	0	0	0	35	42	0	240
OTU_236	0	0	0	0	13	18	0	18	0	15	0	1	0	23	0	0	13	0	10	10	46	0	0	8	3	7	0	0	0	0	0	0	42	0	40	19	15	96	18	1	0	0	0	1	16	9	0	5	0	13	0	0	0	0	0	17	23	0	0	0	8	20	0	19	4	8	0	11	0	20	0	0	0	0	0	0	0	13	12	7	12	66	29	0	1	0	0	0	0	15	0	0	0	0	21	17	14	1	0	1	43	0	15	0	0	0	11	0	0	130	0	0	0	0	26	5	0	0
OTU_296	0	0	0	0	7	2	62	0	0	16	0	0	0	6	0	0	0	106	5	0	0	0	0	7	60	0	0	0	1	0	0	59	0	0	8	2	0	10	5	148	107	0	0	0	230	0	3	0	44	3	0	0	0	0	73	1	4	0	0	0	0	3	0	2	1	1	0	0	0	2	0	1	0	0	0	0	0	7	12	4	0	2	0	0	1	0	0	0	0	0	0	0	78	1	0	1	0	0	0	0	0	0	1	0	0	8	0	0	0	7	0	0	0	0	0	21	0	99
OTU_160	0	0	0	0	7	12	21	11	0	7	0	0	0	14	0	0	10	58	9	87	51	0	0	7	13	2	0	5	0	0	0	11	56	0	12	16	10	93	7	17	44	0	0	0	26	2	5	5	19	15	0	0	0	0	40	3	10	0	0	0	3	10	0	4	7	1	0	32	0	8	0	1	0	0	0	0	0	9	14	6	4	79	10	0	1	0	0	5	0	10	0	0	13	0	29	16	3	0	1	0	74	0	6	0	0	66	15	0	0	130	0	0	0	0	13	58	0	22
OTU_202	0	0	0	0	10	2	0	0	0	11	0	0	0	0	0	0	0	0	0	0	0	0	0	40	0	0	0	0	0	0	0	0	0	0	84	0	0	0	28	0	0	0	0	0	0	0	0	0	0	0	0	0	0	0	0	5	6	0	0	0	0	108	0	0	0	0	0	0	0	190	0	0	0	0	0	0	0	0	24	0	0	0	0	0	0	0	0	0	0	0	0	0	0	0	0	16	0	0	0	0	0	0	0	0	0	0	0	0	0	0	0	0	0	0	0	0	0	0
OTU_505	0	0	0	0	5	11	83	11	0	7	1	0	0	0	0	0	25	7	4	24	296	0	0	5	6	186	0	0	0	0	0	39	160	0	13	5	0	8	5	9	6	0	1	0	13	11	5	0	2	11	0	1	0	0	7	10	9	1	1	0	66	9	0	14	416	0	0	150	0	10	0	0	0	1	0	0	0	16	8	4	26	159	60	0	31	0	0	1	0	0	0	0	57	0	258	14	5	0	0	0	220	0	0	0	0	0	158	0	0	4	1	0	0	0	3	0	0	54
OTU_286	0	0	0	0	13	15	68	14	224	12	0	0	0	0	134	192	29	45	7	141	392	69	149	11	0	6	21	38	0	0	89	86	308	0	3	18	61	92	14	71	18	0	0	0	1	6	2	25	17	5	80	0	23	0	0	21	76	0	0	2	1	47	0	5	3	12	193	66	1	22	175	368	91	0	0	0	0	16	27	11	1	67	20	0	6	0	15	0	0	20	0	0	237	0	108	14	13	0	0	230	380	219	0	0	44	78	76	461	0	206	0	0	2	523	33	0	0	75
OTU_142	0	0	0	0	5	7	20	8	0	5	0	0	0	154	0	0	0	0	206	0	0	0	0	2	41	0	0	0	0	0	0	8	0	0	13	2	0	7	8	0	0	0	0	0	45	1	0	0	0	0	0	0	0	0	11	16	11	0	0	0	14	8	0	1	0	0	0	0	0	17	0	0	0	0	0	0	0	18	9	0	7	0	0	0	0	0	0	0	0	0	0	0	7	0	0	9	0	0	0	0	1	0	40	0	0	0	0	0	0	1	0	0	0	0	1	21	0	9
OTU_133	0	0	0	0	3	23	0	4	0	16	0	0	0	0	0	0	8	0	0	18	14	0	0	31	0	18	0	0	0	0	0	0	11	0	33	21	0	0	8	0	0	0	0	0	0	5	0	0	0	9	0	0	0	0	0	41	18	0	0	0	3	47	0	7	54	23	0	11	0	51	0	0	0	0	0	0	0	30	51	28	35	7	5	0	13	0	0	0	0	1	0	0	0	0	7	18	13	0	0	0	30	0	0	0	0	0	15	0	0	0	0	0	0	0	8	0	0	0
OTU_70	0	0	0	0	4	14	40	14	17	8	0	0	0	209	28	0	5	46	225	0	6	51	24	7	800	5	0	0	0	0	37	14	6	0	17	30	0	32	9	28	276	0	0	0	87	5	295	0	468	18	0	0	50	0	301	15	12	0	0	0	19	11	0	16	7	1	71	4	0	11	47	30	11	0	0	0	0	66	16	6	7	20	0	0	5	0	4	5	0	0	0	0	24	0	9	12	22	0	0	20	6	20	207	0	65	774	4	37	1	13	0	0	0	37	7	292	0	36
OTU_108	0	0	0	0	6	0	30	0	8	7	0	0	0	19	77	0	14	0	41	53	95	25	7	3	32	28	0	18	0	0	64	13	56	0	3	1	2	41	13	0	0	0	0	0	71	1	1	0	0	9	0	0	43	0	9	0	2	0	0	0	4	1	0	7	40	1	130	11	0	1	23	57	4	0	0	0	0	0	6	3	3	7	2	0	0	1	0	0	0	15	0	0	28	0	66	4	3	0	0	60	93	0	10	0	68	0	22	71	0	40	1	0	0	43	1	31	0	35
OTU_189	0	0	0	0	3	0	0	2	0	5	0	0	0	0	0	0	3	0	0	0	0	0	0	1	0	14	0	0	0	0	0	0	0	0	1	9	0	0	0	0	0	0	0	0	0	0	0	0	0	2	0	0	0	0	0	0	2	0	0	0	0	3	0	2	1	13	0	0	0	0	0	0	0	0	0	0	0	20	0	14	0	8	0	0	0	0	0	0	0	0	0	0	0	0	0	1	1	0	0	0	0	0	0	0	0	0	0	0	0	0	0	0	0	0	26	0	0	0
OTU_149	0	0	0	0	1	0	0	1	0	0	0	0	0	0	0	0	0	0	0	0	0	0	0	0	0	0	0	0	0	0	0	0	0	0	0	0	0	0	0	0	0	0	0	0	0	0	0	0	0	0	0	0	0	0	0	0	0	0	0	0	0	0	0	0	0	2	0	0	0	0	0	0	0	0	0	0	0	0	0	0	0	0	0	0	0	0	0	0	0	0	0	0	0	0	0	1	0	0	0	0	0	0	0	0	0	0	0	0	0	0	0	0	0	0	0	0	0	0
OTU_115	0	0	0	0	3	3	0	0	2	11	0	0	0	0	64	0	0	0	0	0	1	109	0	4	0	0	0	0	0	0	176	0	0	0	1	0	0	0	1	0	0	0	0	0	0	1	0	0	0	0	0	0	245	0	0	0	6	0	0	0	0	2	0	4	0	0	114	0	0	0	135	58	1	0	0	0	0	0	0	0	0	0	0	0	0	0	0	0	0	0	0	0	0	0	0	1	0	0	0	45	0	0	0	0	222	0	0	39	0	0	0	0	0	51	0	0	0	0
OTU_143	0	0	0	0	1	0	0	6	0	1	0	0	0	0	1	0	0	0	0	0	0	0	0	0	0	0	0	0	1	0	0	0	0	0	0	0	0	1	1	0	0	0	0	4	0	0	0	0	0	0	0	0	0	0	1	0	1	0	0	0	1	8	0	1	0	1	0	1	0	0	0	0	0	0	0	0	1	8	0	0	0	0	0	0	0	0	0	0	1	0	0	1	0	0	0	0	0	0	0	0	1	1	0	0	0	2	0	0	0	0	0	0	0	0	2	0	0	0
OTU_501	0	0	0	0	1	0	3	0	12	2	0	0	0	0	2	16	0	0	1	0	0	1	7	2	1	1	3	0	0	0	6	0	0	0	0	0	0	0	1	0	0	0	0	0	0	0	0	0	0	1	74	0	2	0	0	1	1	0	0	0	1	0	0	1	1	0	6	0	0	0	6	4	22	0	0	0	0	0	3	0	0	0	0	0	0	0	82	0	0	0	0	0	9	0	0	2	0	0	0	7	0	20	2	0	5	0	0	6	0	3	0	0	2	3	0	3	0	0
OTU_175	0	0	0	0	2	0	0	0	0	0	0	0	0	0	0	0	0	0	0	0	0	0	0	0	0	46	0	0	0	0	0	0	0	0	0	0	0	0	0	0	0	0	0	6	0	0	0	0	1	0	0	0	0	0	0	1	0	0	0	0	2	6	0	2	46	1	0	0	0	0	0	0	0	0	0	0	0	3	0	0	0	0	0	0	0	0	0	0	1	0	0	0	0	0	0	0	3	0	0	0	0	0	0	0	0	0	0	0	0	0	0	0	0	0	0	0	0	0
OTU_106	0	0	0	0	1	0	0	0	0	0	0	1113	0	0	0	0	0	0	0	0	0	0	0	0	0	0	0	0	2	0	0	0	0	0	0	0	0	0	0	0	0	0	0	154	0	0	0	0	0	0	0	0	0	0	0	723	0	0	0	0	0	0	0	0	0	30	0	0	0	1	0	0	0	0	0	0	0	1	11	0	34	0	0	0	0	0	0	0	0	0	0	0	0	0	0	0	649	0	0	0	0	0	0	0	0	0	0	0	0	0	0	0	0	0	0	0	0	0
OTU_184	0	0	0	0	1	0	0	0	0	0	0	0	0	0	0	0	7	0	0	0	0	0	0	0	0	0	0	0	0	0	0	0	0	0	0	0	0	0	0	0	0	0	0	3	0	0	0	0	0	0	0	0	0	0	0	0	0	0	0	0	0	0	0	0	0	1	0	0	0	0	0	0	0	0	0	0	0	2	0	0	0	38	17	0	1	0	0	0	0	0	0	0	0	0	0	0	1	0	0	0	0	0	0	0	0	0	0	0	0	0	0	0	0	0	0	0	1	0
OTU_94	0	0	0	0	1	25	0	0	0	25	1	0	0	0	35	30	0	0	0	0	0	605	34	21	0	1	10	0	0	0	17	0	0	0	0	0	0	0	0	1	0	0	0	0	0	3	0	0	0	1	34	0	329	0	0	30	3	0	0	0	26	97	0	34	90	0	93	0	3	0	369	174	36	0	0	0	0	0	0	0	7	9	0	0	2	0	1	0	0	0	0	0	0	0	0	11	0	0	0	105	0	307	0	1	51	0	0	158	0	0	0	0	0	139	0	0	0	1
OTU_116	0	0	0	0	1	0	0	0	0	0	0	1269	0	0	0	0	0	0	0	0	0	0	0	0	0	0	0	0	2	0	0	0	0	0	0	2	0	0	0	0	0	0	0	167	0	0	0	0	0	0	0	0	0	0	0	651	1	0	0	0	0	0	0	0	0	8	0	0	0	0	0	0	0	0	0	0	0	1	17	0	43	0	0	0	0	0	0	0	0	0	0	0	0	0	0	0	670	0	0	0	0	0	0	0	0	0	0	0	0	0	0	0	0	0	0	0	0	0
OTU_82	0	0	0	0	0	7	0	68	89	22	0	0	0	0	91	149	3	1	0	0	0	96	425	11	0	14	65	0	0	0	250	0	0	0	5	32	0	0	0	1	0	0	0	0	0	2	0	0	0	16	254	0	162	0	0	2	1	0	0	0	3	13	0	17	19	29	180	0	0	6	143	41	188	0	0	1	0	29	2	50	3	6	1	0	2	1	53	0	0	0	0	0	0	0	0	20	2	0	0	46	0	61	0	0	175	0	0	83	0	0	0	0	3	104	33	0	0	1
OTU_147	0	0	0	0	0	11	24	12	0	7	0	0	0	42	0	0	0	0	18	0	0	0	0	3	38	0	0	0	0	0	0	1	0	0	20	8	0	0	42	0	0	0	0	0	157	33	0	0	0	36	0	0	0	0	70	6	1	0	0	0	0	0	0	10	0	3	0	0	0	23	0	0	0	0	0	0	0	0	35	14	3	0	0	0	0	0	0	0	0	0	0	0	3	0	0	0	6	0	0	0	0	0	12	0	0	0	0	0	1	1	0	0	0	0	3	12	0	10
OTU_48	0	0	0	0	0	8	69	1	62	1	0	0	0	2	107	91	63	42	79	487	157	1	11	7	8	208	5	12	0	1	306	30	169	0	0	1	14	56	1	3	76	0	0	2	43	0	29	5	40	4	1	0	303	0	35	8	1	0	0	0	16	6	0	1	544	2	154	51	2	0	417	130	71	0	0	0	0	9	9	13	7	3	7	0	85	0	117	16	0	21	0	0	105	0	66	0	14	0	486	241	155	467	1	1	194	5	75	234	0	78	0	1	0	117	0	72	0	44
OTU_58	0	0	0	0	0	13	0	49	95	0	0	0	0	1	459	0	0	0	1	0	0	201	1295	0	0	1	0	0	0	0	157	0	0	0	0	103	0	1	76	1	2	0	0	2	1	59	0	0	0	84	0	0	145	1	0	7	2	0	0	0	41	0	0	30	0	121	0	0	0	0	465	1	35	0	0	0	0	297	120	283	39	0	0	0	0	0	54	1	0	0	0	0	1	0	0	0	49	0	0	294	0	148	0	1	220	0	0	494	0	1	1	0	0	396	169	0	0	0
OTU_125	0	0	0	0	0	1	0	1	0	2	0	0	0	7	0	0	7	0	10	1	9	0	0	1	3	24	0	0	0	0	0	0	9	0	4	0	0	0	6	0	0	0	0	0	0	1	0	0	0	2	0	0	0	0	4	3	0	0	0	0	12	5	0	2	17	0	0	2	0	0	0	0	0	0	1	0	0	1	10	0	6	38	10	0	28	0	0	0	0	0	0	0	0	2	5	2	4	0	0	1	8	0	37	0	0	0	2	0	0	1	0	0	0	1	4	11	0	0
OTU_66	0	0	0	0	0	4	0	0	3	1	0	0	0	0	245	31	61	4	0	41	51	142	17	0	0	6	35	0	0	0	142	0	3	0	1	0	0	0	0	6	0	0	0	0	0	0	4	0	0	0	9	0	187	0	0	0	0	0	0	0	0	0	0	1	55	0	511	14	0	1	365	1154	171	0	0	0	0	0	0	0	0	17	49	0	35	3	417	0	0	56	0	0	0	0	5	1	0	0	259	622	24	0	0	0	45	0	1	1152	0	0	0	0	0	853	0	0	0	1
OTU_127	0	0	0	0	0	0	191	0	0	0	0	0	0	50	0	0	0	0	49	0	0	0	0	0	0	0	0	0	0	0	0	192	0	0	0	0	0	532	0	0	0	0	0	0	3	0	0	0	0	0	0	0	0	0	0	0	0	0	0	0	0	0	0	0	0	0	0	0	0	0	0	0	0	0	0	0	0	0	0	0	0	0	0	0	0	0	0	0	0	0	0	0	182	0	0	0	0	0	0	0	0	0	6	0	0	0	1	0	0	367	0	0	0	0	0	42	0	269
OTU_126	0	0	0	0	0	0	47	0	0	0	0	0	0	196	6	0	2	0	257	35	10	25	5	0	54	12	0	0	0	0	32	0	13	0	0	0	0	33	0	0	0	0	0	0	21	0	0	0	0	0	0	0	29	0	2	0	0	0	0	0	0	0	0	0	43	0	2	0	0	0	20	11	3	0	0	0	0	0	0	0	0	5	0	0	0	0	0	0	0	0	0	0	0	0	8	0	0	0	0	3	23	13	54	0	9	0	4	14	0	58	0	0	0	6	0	64	0	24
OTU_141	0	0	0	0	0	0	55	1	0	1	1	0	0	0	0	0	1	25	0	15	27	0	0	21	0	1	0	0	0	1	0	39	27	0	0	0	0	0	0	17	2	0	0	0	0	1	120	2	21	4	0	0	0	1	0	0	0	0	0	0	8	0	0	5	2	0	0	2	0	0	0	0	0	0	0	0	0	0	0	2	0	2	0	0	0	0	0	46	0	1	0	0	73	0	2	0	0	0	0	0	16	0	0	0	0	1	2	0	0	1	0	0	0	0	0	0	0	89
OTU_61	0	0	0	0	0	0	24	0	2	0	0	0	0	0	38	0	0	75	0	0	0	608	0	0	0	0	0	0	0	0	676	27	0	0	0	0	0	0	0	0	3	0	0	0	0	0	0	0	1	0	0	0	263	0	0	0	0	0	0	0	0	0	0	0	0	0	218	0	0	0	1423	697	1	0	0	0	0	0	0	0	0	0	0	0	0	0	0	0	0	0	0	0	24	0	0	0	0	0	0	55	0	0	0	2	437	0	0	71	0	0	0	0	0	42	0	0	0	11
OTU_186	0	0	0	0	0	0	28	0	0	0	0	0	0	0	0	0	0	2	5	0	0	0	0	0	0	0	0	0	0	0	0	32	1	0	0	0	0	0	0	2	183	0	0	0	0	0	0	0	21	0	0	0	0	0	1	0	0	0	0	0	0	0	0	0	0	0	0	0	0	0	0	0	0	0	0	0	0	0	0	0	0	0	0	0	0	0	0	0	0	0	0	0	111	1	0	0	0	0	0	0	0	0	0	0	0	0	0	0	0	0	0	0	0	0	0	65	0	33
OTU_192	0	0	0	0	0	0	1	0	0	0	0	0	0	0	0	0	30	2	0	0	0	0	0	0	0	48	0	0	0	0	0	0	0	0	0	0	0	0	0	0	0	0	0	1	0	0	0	0	0	0	0	0	0	0	1	0	0	0	0	0	0	0	0	0	4	0	0	0	0	0	1	0	0	0	0	0	0	0	0	0	0	95	274	0	39	1	0	0	0	0	0	0	0	0	0	0	0	1	1	0	0	0	0	0	0	0	0	0	0	0	0	0	0	0	0	1	0	0
OTU_128	0	0	0	0	0	0	0	1	1	0	0	0	0	0	0	1	51	0	0	0	0	0	0	1	0	31	0	0	0	0	0	0	0	0	0	0	0	0	1	0	0	0	0	1	0	0	0	0	0	0	0	0	0	0	0	0	0	0	0	0	1	0	0	0	11	0	0	0	0	0	0	0	0	0	0	0	0	0	0	0	0	262	419	0	264	1	0	0	0	0	0	0	0	0	0	0	0	0	0	1	0	0	0	0	0	0	0	0	0	0	0	0	0	0	0	0	0	0
OTU_210	0	0	0	0	0	0	0	1	0	0	0	0	0	0	0	0	0	0	0	0	0	0	0	0	0	0	0	0	0	0	0	0	0	0	0	0	0	0	0	0	0	0	0	0	0	0	0	0	0	0	0	0	0	0	0	0	0	0	0	0	0	0	0	0	0	0	0	0	0	0	0	0	0	0	0	0	0	0	0	0	0	0	0	0	0	0	0	0	0	0	0	0	0	0	0	1	0	0	0	0	0	0	0	0	0	0	0	0	0	0	0	0	0	0	0	0	0	0
OTU_69	0	0	0	0	0	0	0	0	59	0	0	0	0	0	74	111	1	0	0	0	0	428	73	0	0	101	0	0	0	0	572	2	0	0	0	0	0	0	0	0	0	0	0	0	0	0	1	0	0	0	135	0	505	0	0	0	0	0	0	0	0	0	0	0	16	0	21	0	0	0	434	188	71	1	0	0	0	0	0	0	0	0	2	0	22	1	15	0	0	0	0	0	0	0	0	0	0	0	0	115	0	240	0	0	160	0	0	284	0	0	0	0	2	283	0	0	0	0
OTU_130	0	0	0	0	0	0	0	0	27	0	0	0	0	0	87	0	0	2	0	0	0	51	47	0	0	0	0	0	0	0	15	0	0	0	0	0	0	0	0	0	0	0	0	0	0	0	0	0	0	0	0	0	30	0	0	0	0	0	0	0	0	0	0	0	0	0	205	0	2	0	92	134	20	0	0	0	0	0	0	0	0	0	0	0	0	0	2	0	0	0	0	0	0	0	0	0	0	0	0	64	0	23	0	0	77	0	0	53	0	0	0	0	0	68	0	0	0	0
OTU_793	0	0	0	0	0	0	0	0	14	1	0	0	0	4	3	3	0	0	2	0	0	0	0	0	6	5	2	0	0	0	3	0	0	0	0	0	0	5	2	1	0	0	0	0	0	1	0	0	0	0	71	0	3	0	3	1	1	0	0	0	0	3	0	2	2	0	3	0	0	0	6	7	16	0	0	0	0	1	2	0	0	2	0	0	0	0	77	0	0	0	0	0	4	0	0	2	1	0	0	0	0	12	2	0	3	0	0	5	0	2	0	0	1	4	0	0	0	0
OTU_117	0	0	0	0	0	0	0	0	1	0	0	0	0	0	0	0	0	0	0	0	0	0	0	0	812	0	0	0	0	0	0	0	0	0	0	0	0	92	0	0	0	0	0	0	64	0	0	0	0	0	0	0	0	0	2	0	0	0	0	0	0	0	0	0	0	0	0	0	0	0	0	0	0	0	0	0	0	0	0	0	0	0	0	0	0	0	0	0	0	0	0	0	0	0	0	0	0	0	0	0	0	0	0	0	0	0	0	0	0	256	0	0	0	0	0	1	0	0
OTU_75	0	0	0	0	0	0	0	0	1	0	1	0	0	10	0	2	538	4	0	0	0	0	3	0	0	277	0	1	0	1	0	0	0	0	0	0	1	0	1	1	2	0	0	2	0	0	0	5	0	0	1	0	0	0	1	3	0	0	0	0	0	0	1	0	83	0	0	0	16	3	6	0	0	0	0	0	0	0	3	0	0	606	1054	0	947	2	0	0	0	1	0	0	0	0	0	0	0	6	0	0	0	0	12	0	0	0	0	0	2	0	0	0	0	0	0	1	0	0
OTU_380	0	0	0	0	0	0	0	0	0	0	0	561	0	0	0	0	0	0	0	0	0	0	0	0	0	0	0	0	4	0	0	0	0	0	0	1	0	0	0	0	0	0	0	57	0	0	0	0	0	0	0	0	0	0	0	361	1	0	0	0	0	2	0	0	0	18	0	0	0	0	0	0	0	0	0	0	0	1	12	0	14	0	0	0	0	0	0	0	0	0	0	0	0	0	0	0	378	0	0	0	0	0	0	0	0	0	0	0	0	0	0	0	0	0	1	0	0	0
OTU_153	0	0	0	0	0	0	0	0	0	0	0	368	0	0	0	0	0	0	0	0	0	0	1	0	0	0	0	0	2	0	0	0	0	0	0	1	0	0	0	0	0	0	0	44	0	0	0	0	0	0	0	0	0	0	0	158	0	0	0	0	0	1	0	0	0	2	0	0	0	0	0	0	0	0	0	0	0	0	4	0	16	0	0	0	0	0	0	0	0	0	0	0	0	0	0	2	210	0	0	0	0	0	0	0	0	0	0	0	0	0	0	0	0	0	0	1	0	0
OTU_174	0	0	0	0	0	0	0	0	0	0	0	262	0	0	0	0	0	0	1	0	0	0	1	0	0	0	0	0	0	0	0	0	0	0	0	1	0	0	0	0	0	0	0	32	0	0	0	0	0	0	0	0	0	0	0	109	0	0	0	0	0	0	0	0	0	1	0	0	0	0	0	0	0	0	0	0	0	0	3	0	13	0	1	0	0	0	0	0	0	0	0	0	0	0	0	0	170	0	0	0	0	0	0	0	0	0	0	0	0	0	0	0	0	0	0	0	0	0
OTU_648	0	0	0	0	0	0	0	0	0	0	0	472	0	0	0	0	0	0	0	0	0	0	0	0	0	0	0	0	2	0	0	0	0	0	0	3	0	0	0	0	0	0	0	52	0	0	0	0	0	0	0	0	0	0	0	320	0	0	0	0	0	0	0	0	0	18	0	0	0	0	0	0	0	0	0	0	0	1	15	0	22	0	0	0	0	0	0	0	0	0	0	0	0	0	0	0	284	0	0	0	0	0	0	0	0	0	0	0	0	0	0	0	0	0	0	0	0	0
OTU_150	0	0	0	0	0	0	0	0	0	0	0	111	0	0	0	0	0	0	0	0	0	0	0	0	0	0	0	0	0	2	0	0	0	0	0	0	0	0	0	0	0	1	0	100	0	0	0	0	0	0	0	0	0	0	0	67	1	0	0	0	0	1	1	0	0	0	0	0	0	0	0	0	1	0	0	0	0	0	3	0	90	0	0	0	0	1	0	0	0	0	0	1	0	0	0	0	623	0	0	0	0	0	0	0	0	0	0	0	0	0	0	0	0	0	0	0	0	0
OTU_101	0	0	0	0	0	0	0	0	0	0	0	1	0	7	0	0	0	0	554	0	0	0	0	0	0	0	0	0	0	0	0	0	0	0	0	0	0	168	0	0	0	0	0	0	208	0	0	0	0	0	0	0	0	0	0	0	0	0	0	0	0	0	0	0	0	0	0	0	0	0	0	0	0	0	0	0	0	0	0	0	0	0	0	0	0	0	0	0	0	0	0	0	0	0	0	0	0	0	0	0	1	0	0	0	0	0	0	1	0	283	0	0	0	0	0	34	0	0
OTU_158	0	0	0	0	0	0	0	0	0	0	0	0	0	0	0	0	3	0	0	15	76	0	0	0	0	0	0	0	0	0	0	0	112	0	0	0	0	0	0	0	0	0	0	0	0	0	0	0	0	0	0	0	0	0	0	0	0	0	0	0	0	0	0	0	1	0	0	17	0	0	0	0	0	0	0	0	0	0	0	0	0	0	0	0	0	0	0	0	0	3	0	0	0	0	16	1	0	0	3	0	35	0	0	0	0	0	17	0	0	0	0	0	0	0	0	0	0	0
OTU_123	0	0	0	0	0	0	0	0	0	0	0	0	0	0	0	0	20	0	0	11	233	0	0	0	0	51	0	0	0	0	0	0	167	0	0	0	0	0	0	0	0	0	0	2	0	0	0	0	0	0	0	0	0	0	0	1	0	0	0	0	0	0	0	0	59	0	0	37	0	0	0	0	0	0	0	0	0	0	0	0	0	28	9	0	7	0	0	0	0	0	0	0	0	0	59	0	1	0	0	0	284	0	0	0	0	0	37	0	0	0	0	0	0	0	0	0	0	0
OTU_139	0	0	0	0	0	0	0	0	0	0	0	0	0	0	0	0	0	0	0	0	0	0	0	0	0	0	0	0	0	0	0	0	0	0	0	0	0	0	0	1	0	0	0	1	0	0	0	0	0	0	0	0	0	0	0	0	0	0	0	0	0	0	0	0	0	0	0	0	0	0	0	0	0	0	0	0	0	0	0	0	0	1	1	0	0	0	0	0	0	0	0	0	0	0	0	0	0	0	0	0	0	0	0	0	0	0	0	0	0	0	0	0	0	0	0	0	0	0
OTU_157	0	0	0	0	0	0	0	0	0	0	0	0	0	0	0	0	0	0	0	0	0	0	0	0	0	0	0	0	0	0	0	0	0	0	0	0	0	0	0	0	0	0	0	0	0	0	1	0	0	0	0	0	0	0	0	0	0	0	0	0	0	0	0	0	0	0	0	0	0	0	0	0	0	0	0	0	0	0	0	0	0	0	0	0	0	0	0	0	0	0	0	0	0	0	0	0	0	0	0	0	0	0	0	0	0	0	0	0	0	0	0	0	0	0	0	0	0	0
OTU_92	0	0	0	0	0	0	0	0	0	0	0	0	0	0	0	0	555	0	0	515	289	0	0	0	0	117	0	384	0	0	1	0	140	0	0	0	267	0	0	0	0	0	0	0	0	0	0	550	0	0	0	0	0	0	0	0	1	0	0	0	0	0	0	0	49	0	0	691	0	1	0	0	0	0	0	0	0	0	0	0	0	173	224	0	526	2	0	0	0	339	0	0	0	0	332	0	0	0	1	0	273	0	0	0	0	0	330	0	0	0	0	0	0	0	0	0	0	0
OTU_110	0	0	0	0	0	0	0	0	0	0	0	0	0	0	0	0	386	0	0	145	79	0	1	0	0	94	0	383	0	0	0	0	53	0	0	0	231	0	0	0	0	0	0	0	0	0	0	472	0	0	0	0	0	0	0	0	0	0	0	0	0	0	0	1	26	0	0	336	0	0	0	0	0	0	0	0	0	0	0	0	0	439	440	0	286	2	0	0	0	319	0	0	0	0	146	0	0	0	1	0	114	0	0	0	0	0	162	0	0	0	0	0	0	1	0	0	0	0
OTU_416	0	0	0	0	0	0	0	0	0	0	0	0	0	0	0	0	1	0	0	0	0	0	0	0	0	286	0	0	0	0	0	0	0	0	0	0	0	0	0	0	0	0	0	0	0	0	0	0	0	0	0	0	0	0	0	0	0	0	0	0	0	0	0	0	474	0	0	0	0	0	0	1	0	0	0	0	0	0	0	0	0	5	1	0	5	0	0	0	0	0	0	0	0	0	0	0	0	0	0	0	0	0	0	0	0	0	0	0	0	0	0	0	0	0	0	0	0	0
OTU_93	0	0	0	0	0	0	0	0	0	0	0	0	0	0	0	0	24	0	0	98	218	0	1	0	0	16	0	579	2	0	0	0	122	0	0	0	616	0	0	0	0	0	0	0	0	0	0	652	0	0	0	0	0	0	0	0	2	0	0	0	0	1	0	0	1	0	0	618	0	0	0	0	0	0	0	0	0	1	0	0	0	17	33	0	8	0	0	0	0	45	0	0	0	0	254	0	0	0	0	0	207	0	0	0	0	0	341	0	0	0	0	0	0	0	0	0	0	0
OTU_170	0	0	0	0	0	0	0	0	0	0	0	0	0	0	0	0	0	0	0	0	0	0	0	0	0	0	0	0	0	0	0	0	0	0	0	0	0	0	0	0	0	0	0	0	0	0	0	0	0	0	0	0	0	0	0	0	0	0	0	0	0	0	0	0	0	0	0	0	0	0	0	0	0	0	0	0	0	0	0	0	0	0	0	0	0	0	0	0	0	0	0	0	0	0	0	0	0	0	0	0	0	0	0	0	0	0	0	0	0	0	0	0	0	0	0	0	0	0
OTU_208	0	0	0	0	0	0	0	0	0	0	0	0	0	0	0	0	0	0	0	0	0	0	0	0	0	0	0	0	0	0	0	0	0	0	0	0	0	0	0	0	0	0	0	0	0	0	0	0	0	0	0	0	0	0	0	0	0	0	0	0	0	0	0	0	0	0	0	0	0	0	0	0	0	0	0	0	0	0	0	0	0	0	0	0	0	0	0	0	1	0	0	0	0	0	0	0	0	0	0	0	0	0	0	0	0	0	0	0	0	0	0	0	0	0	0	0	0	0
OTU_166	0	0	0	0	0	0	0	0	0	0	0	0	0	0	0	0	5	0	0	1	0	0	0	0	0	255	0	0	0	0	0	0	0	0	0	0	0	0	0	0	0	0	0	0	0	0	0	0	0	0	0	0	0	0	0	0	0	0	0	0	0	0	0	0	12	0	0	0	0	0	0	0	0	0	0	0	0	1	0	0	0	22	21	0	152	0	0	0	0	0	0	0	0	0	0	0	0	0	0	0	0	0	0	0	0	0	0	0	0	0	0	1	0	0	0	0	0	0
OTU_1121	0	0	0	0	0	0	0	0	0	0	0	0	0	0	0	0	9	0	0	0	0	0	0	0	0	7	0	0	0	0	0	0	0	0	0	0	0	0	0	0	0	0	0	0	0	0	0	0	0	0	0	0	0	0	0	0	0	0	0	0	0	0	0	0	2	0	0	0	0	0	0	0	0	0	0	0	0	0	0	0	0	22	63	0	9	0	0	0	0	0	0	0	0	0	0	0	0	0	0	0	0	0	0	0	0	0	0	0	0	0	0	0	0	0	0	0	0	0
OTU_180	0	0	0	0	0	0	0	0	0	0	0	0	0	0	0	0	0	0	0	0	0	0	0	0	0	135	0	0	0	0	0	0	0	0	0	0	0	0	0	0	0	0	0	0	0	0	0	0	0	0	0	0	0	0	0	0	0	0	0	0	0	0	0	0	93	0	0	0	0	0	0	0	0	0	0	0	0	0	0	0	0	34	0	0	0	0	0	0	0	0	0	0	0	0	0	0	0	0	0	0	0	0	0	0	0	0	0	0	0	0	0	0	0	0	0	0	0	0
